85
2 2
0 1 10
1 2 10
18 18
0 1 10
1 2 10
2 3 10
3 4 10
4 5 10
5 6 10
6 7 10
7 8 10
8 9 10
9 18 10
18 10 10
10 11 10
11 12 10
12 13 10
13 14 10
14 15 10
15 16 10
16 17 10
20 20
0 20 10
1 20 10
2 20 10
3 20 10
4 20 10
5 20 10
6 20 10
7 20 10
8 20 10
9 20 10
10 20 10
11 20 10
12 20 10
13 20 10
14 20 10
15 20 10
16 20 10
17 20 10
18 20 10
19 20 10
20 30
20 0 20
0 1 1
1 20 20
20 2 20
2 3 1
3 20 20
20 4 20
4 5 1
5 20 20
20 6 20
6 7 1
7 20 20
20 8 20
8 9 1
9 20 20
20 10 20
10 11 1
11 20 20
20 12 20
12 13 1
13 20 20
20 14 20
14 15 1
15 20 20
20 16 20
16 17 1
17 20 20
20 18 20
18 19 1
19 20 20
1 1
0 1 50
2 3
0 1 58335
0 2 63202
1 2 14423
3 3
0 3 18452
1 3 31676
2 3 76264
19 134
0 1 23016
0 2 91956
1 2 78286
1 3 23628
2 3 67552
1 4 47626
2 4 89190
1 5 14039
2 5 83750
4 5 21034
1 6 80847
3 6 20497
4 6 48929
5 6 69687
1 7 13171
2 7 32575
3 7 85258
4 7 50094
6 7 91877
1 8 74476
2 8 78097
4 8 62722
5 8 39095
6 8 38418
7 8 81154
0 9 37984
3 9 76122
5 9 78221
6 9 10943
7 9 22842
0 10 10707
2 10 87412
3 10 52488
7 10 8207
8 10 29796
9 10 8824
1 11 57898
2 11 45058
3 11 82354
8 11 42789
9 11 49803
10 11 89123
0 12 84041
1 12 56493
4 12 44340
5 12 12735
6 12 24725
7 12 12181
8 12 11381
9 12 31994
11 12 98803
1 13 20784
2 13 17553
3 13 47593
6 13 77566
8 13 53304
9 13 19833
10 13 43528
11 13 91503
12 13 16369
1 14 94126
2 14 55676
3 14 94518
4 14 33340
5 14 23619
6 14 61049
7 14 72083
8 14 95909
9 14 42607
10 14 28454
11 14 8586
12 14 66169
0 15 3511
1 15 18767
2 15 74647
3 15 13800
6 15 86513
7 15 84457
8 15 30811
9 15 11420
11 15 23333
12 15 32346
14 15 54854
0 16 5126
1 16 6645
4 16 64396
5 16 14246
6 16 79354
8 16 54283
9 16 43063
10 16 94257
11 16 97994
12 16 89609
13 16 86442
2 17 81067
3 17 96658
5 17 23
7 17 53208
9 17 98166
13 17 56927
15 17 64168
0 18 78645
1 18 39771
5 18 27593
6 18 12922
7 18 4866
8 18 37823
9 18 91074
10 18 57693
11 18 18778
12 18 11136
14 18 34157
15 18 79445
16 18 63686
17 18 9835
0 19 31178
1 19 13571
2 19 29371
3 19 43993
4 19 85828
5 19 6247
6 19 94203
7 19 64430
8 19 10147
9 19 68567
10 19 94485
11 19 9594
12 19 43584
13 19 51455
14 19 41134
15 19 26788
16 19 77673
17 19 75743
18 19 50750
6 15
0 1 83496
1 2 90336
1 3 22870
2 3 27297
0 4 45151
1 4 64850
2 4 14117
3 4 65552
4 5 76203
0 6 17142
1 6 11060
2 6 67382
3 6 14939
4 6 80550
5 6 21515
13 49
1 2 20172
2 3 41873
0 5 97351
3 5 24189
0 6 11833
1 6 72273
2 6 97176
0 7 79098
3 7 1446
4 7 51738
5 7 44760
2 8 95375
4 8 89724
5 8 32459
6 8 24784
0 9 42406
2 9 8339
5 9 84804
0 10 34928
1 10 76400
3 10 31249
4 10 70524
5 10 28514
6 10 56362
7 10 58251
2 11 69390
5 11 19629
6 11 77969
8 11 61006
9 11 87160
10 11 31793
0 12 67936
1 12 21053
3 12 92160
4 12 61994
9 12 87939
0 13 37591
1 13 32205
2 13 21881
3 13 99604
4 13 36370
5 13 20926
6 13 41689
7 13 87636
8 13 64546
9 13 50385
10 13 88887
11 13 72612
12 13 61124
14 66
0 2 11109
1 2 68258
1 4 72752
2 4 16503
2 5 40749
4 5 83534
0 6 66127
1 6 85349
2 6 96172
3 6 14232
5 6 55515
0 7 33085
1 7 51483
3 7 20189
4 7 46438
5 7 19874
0 8 96367
1 8 15813
2 8 9962
3 8 64232
5 8 75655
6 8 23684
7 8 84698
8 9 80684
0 10 84184
3 10 97142
4 10 47103
5 10 85007
9 10 49055
0 11 70203
2 11 90392
4 11 37539
5 11 42093
6 11 48911
7 11 58417
8 11 8603
9 11 41916
10 11 219
0 12 55233
2 12 95397
4 12 2850
5 12 4531
6 12 6441
8 12 56203
3 13 22596
4 13 76322
5 13 77120
7 13 17258
8 13 46374
9 13 24594
10 13 36742
11 13 53195
0 14 21806
1 14 17786
2 14 95842
3 14 28842
4 14 8667
5 14 20424
6 14 2976
7 14 24410
8 14 66802
9 14 25625
10 14 77833
11 14 80562
12 14 55617
13 14 29645
11 48
0 1 55865
1 2 36522
1 3 85131
0 4 12358
3 4 66973
1 5 99902
2 5 17140
4 5 78123
0 6 76727
1 6 77943
3 6 95796
0 7 35223
1 7 74777
2 7 16323
3 7 7023
4 7 91188
5 7 47547
6 7 81258
1 8 24107
2 8 74672
3 8 90312
4 8 65570
5 8 39966
0 9 54195
2 9 1554
3 9 59247
5 9 68894
6 9 55887
7 9 68745
8 9 77037
0 10 76145
2 10 1280
4 10 25676
5 10 47904
6 10 64990
7 10 93477
8 10 87092
0 11 19492
1 11 72175
2 11 11490
3 11 53685
4 11 14724
5 11 45357
6 11 100
7 11 77668
8 11 39717
9 11 88701
10 11 50073
8 25
0 1 52297
1 2 25618
0 3 66914
2 3 98582
2 4 14124
3 4 19578
1 5 64242
0 6 10038
1 6 16797
2 6 48682
4 6 34456
5 6 27387
1 7 4673
2 7 40634
3 7 2118
4 7 45363
6 7 56371
0 8 27012
1 8 77126
2 8 92577
3 8 99405
4 8 23056
5 8 9603
6 8 77776
7 8 96677
6 21
0 1 43506
0 2 70648
1 2 4337
0 3 93189
1 3 98286
2 3 96915
0 4 56960
1 4 82095
2 4 37990
3 4 29653
0 5 29870
1 5 54523
2 5 83606
3 5 31281
4 5 93105
0 6 67462
1 6 15180
2 6 53999
3 6 41809
4 6 64324
5 6 14379
3 6
0 1 3628
0 2 94330
1 2 90988
0 3 36631
1 3 5619
2 3 97794
16 122
0 1 61781
0 2 23722
1 2 88906
0 3 655
2 3 31180
0 4 11764
1 4 77445
2 4 15998
3 4 70085
0 5 39768
1 5 38912
2 5 20949
3 5 1750
4 5 66174
1 6 25111
2 6 3157
3 6 90660
4 6 30693
5 6 36013
0 7 88714
1 7 29822
2 7 63074
3 7 85138
4 7 33939
5 7 52977
6 7 20425
0 8 39639
1 8 86080
2 8 27319
3 8 37701
4 8 78656
5 8 20696
6 8 9759
7 8 26388
0 9 41380
1 9 88563
3 9 19083
4 9 27281
6 9 62702
7 9 79184
8 9 16486
0 10 665
1 10 59414
2 10 52959
3 10 72023
4 10 61308
5 10 66656
7 10 27436
0 11 40168
1 11 14626
2 11 20045
3 11 95254
4 11 23773
5 11 22281
6 11 47081
7 11 80034
8 11 10705
9 11 68996
10 11 49737
0 12 31889
1 12 95489
2 12 20076
3 12 8964
4 12 77764
5 12 76897
6 12 11598
7 12 37001
8 12 51249
9 12 15256
10 12 12616
0 13 24579
1 13 5826
2 13 50992
3 13 73702
4 13 83129
5 13 37934
6 13 11949
7 13 11709
8 13 71683
9 13 43069
10 13 82139
11 13 98938
12 13 30632
1 14 6444
3 14 73506
4 14 96444
5 14 79138
7 14 4672
8 14 38900
9 14 68118
10 14 62977
11 14 20643
13 14 4371
0 15 90248
1 15 58530
4 15 80594
5 15 77670
6 15 21957
7 15 50306
8 15 68244
9 15 5998
10 15 4573
11 15 44111
12 15 10936
13 15 56205
14 15 45730
0 16 83102
1 16 87611
2 16 72295
3 16 24044
4 16 12000
5 16 29869
6 16 51032
7 16 34182
8 16 84536
9 16 43060
10 16 61388
11 16 96943
12 16 82016
13 16 48618
14 16 31208
15 16 54714
2 3
0 1 63182
0 2 38771
1 2 57638
13 13
0 13 69437
1 13 42902
2 13 10282
3 13 53446
4 13 65160
5 13 20359
6 13 62764
7 13 77131
8 13 29217
9 13 86019
10 13 96115
11 13 91497
12 13 6348
5 6
0 2 64869
0 5 59751
1 5 75953
2 5 91799
3 5 76019
4 5 15176
4 4
0 4 47309
1 4 14315
2 4 18577
3 4 50694
18 87
0 1 29859
1 2 71284
2 4 96407
3 4 37984
1 5 3289
2 5 7299
4 5 16413
0 6 11199
2 7 89932
5 7 50907
6 7 27048
0 8 56282
2 8 66444
3 8 1301
5 8 20486
6 8 42058
7 8 50816
4 9 95218
6 9 53853
8 9 67474
0 10 47683
4 10 62020
6 10 56839
8 10 78486
2 11 94641
3 11 83607
4 11 96951
5 11 99987
6 11 27589
10 11 64276
0 12 13391
2 12 77937
3 12 28179
7 12 84525
8 12 60432
9 12 44649
11 12 3071
0 13 98404
3 13 10557
4 13 17763
6 13 74182
7 13 66443
8 13 28612
9 13 46104
11 13 53413
1 14 61710
3 14 23595
7 14 99171
8 14 89721
13 14 14393
0 15 77539
2 15 7110
4 15 14200
7 15 93313
9 15 65015
12 15 99150
0 16 43088
1 16 76430
7 16 87715
11 16 36308
13 16 62344
14 16 83480
1 17 81838
3 17 97341
7 17 13970
8 17 84223
10 17 13818
15 17 74601
16 17 42690
0 18 12332
1 18 35940
2 18 34462
3 18 36431
4 18 33301
5 18 25734
6 18 57034
7 18 69449
8 18 73692
9 18 29370
10 18 87064
11 18 98430
12 18 887
13 18 36709
14 18 54344
15 18 34350
16 18 15119
17 18 26820
14 61
0 4 41153
3 4 67581
1 5 33471
3 5 2277
4 5 3874
3 6 97081
3 7 51772
4 7 6702
6 7 61697
0 8 85396
1 8 18562
2 8 15832
3 8 72844
7 8 38944
0 9 73163
1 9 76199
2 9 71408
3 9 46904
4 9 57115
6 9 53073
7 9 46048
8 9 6981
3 10 18802
4 10 28025
2 11 26460
3 11 59638
4 11 24995
5 11 31265
6 11 3614
7 11 77074
8 11 73629
9 11 41970
1 12 4953
4 12 33856
6 12 76829
7 12 1481
8 12 55574
9 12 63828
10 12 69616
1 13 2528
2 13 32519
3 13 37412
4 13 32610
6 13 93953
7 13 14973
8 13 41876
11 13 25721
0 14 20121
1 14 78459
2 14 49138
3 14 40701
4 14 48393
5 14 21722
6 14 19570
7 14 43048
8 14 40981
9 14 79389
10 14 65175
11 14 48465
12 14 48663
13 14 96613
7 15
0 2 6082
0 3 81046
1 4 78089
3 4 35181
2 5 37432
4 5 63749
1 6 8434
4 6 84637
0 7 60085
1 7 39468
2 7 13450
3 7 51259
4 7 46040
5 7 57189
6 7 79907
2 2
0 2 38903
1 2 66479
4 5
1 2 5842
0 4 53881
1 4 66258
2 4 9885
3 4 26015
9 22
0 2 57887
0 3 85160
1 4 46265
3 4 52724
4 5 29923
1 6 11545
2 6 66426
0 7 93794
2 7 35915
4 7 86881
5 7 15437
1 8 92713
4 8 82580
0 9 10836
1 9 62418
2 9 60193
3 9 88800
4 9 83587
5 9 75641
6 9 39448
7 9 8434
8 9 3369
4 5
2 3 72120
0 4 90248
1 4 49652
2 4 48797
3 4 77378
16 83
0 2 49219
1 3 64633
0 4 85249
2 4 41595
3 4 79722
2 5 42869
3 5 60228
1 6 60536
4 6 34266
5 6 23820
0 7 27201
1 7 94460
3 7 84909
4 7 66968
5 7 74583
0 8 32938
1 8 30479
2 8 7188
4 8 60069
5 8 12129
6 8 87313
1 9 30815
2 9 81886
3 9 10588
5 9 50476
8 9 94553
2 10 17008
3 10 91229
6 10 35063
0 11 7054
2 11 27151
3 11 67597
4 11 39155
6 11 99365
7 11 7719
9 11 70602
1 12 11779
2 12 50057
4 12 56918
5 12 24942
6 12 3954
8 12 98754
9 12 31367
11 12 30209
2 13 72338
3 13 24351
5 13 27521
6 13 81507
7 13 58594
8 13 3612
11 13 34527
1 14 11376
3 14 10758
4 14 76132
6 14 70168
7 14 83254
8 14 87708
11 14 50089
12 14 55157
13 14 57692
1 15 293
2 15 90301
5 15 81089
7 15 52278
8 15 57276
10 15 15641
14 15 44268
0 16 99157
1 16 37256
2 16 34051
3 16 5328
4 16 5854
5 16 61654
6 16 28847
7 16 13269
8 16 29345
9 16 94258
10 16 45126
11 16 14082
12 16 83381
13 16 62669
14 16 53976
15 16 93649
19 179
0 1 56934
0 2 86045
1 2 28203
0 3 32626
1 3 98363
2 3 6441
0 4 42318
1 4 37954
3 4 31230
0 5 2252
1 5 81156
2 5 84764
4 5 15267
0 6 20633
1 6 44808
2 6 52212
3 6 28745
4 6 39991
5 6 26024
1 7 85350
2 7 77094
3 7 70317
4 7 77704
5 7 88468
6 7 42148
0 8 87391
1 8 9062
3 8 6818
4 8 59703
5 8 89283
6 8 72158
7 8 15077
0 9 21924
1 9 21183
2 9 51861
3 9 61126
4 9 87590
5 9 25454
6 9 35319
7 9 91442
0 10 97910
1 10 96900
2 10 73706
3 10 82588
4 10 55762
5 10 61649
6 10 7524
7 10 10999
8 10 7505
9 10 21829
0 11 66376
1 11 67449
2 11 68312
3 11 70364
4 11 41172
5 11 41608
7 11 1095
8 11 58169
9 11 51870
0 12 7306
1 12 10140
2 12 73929
3 12 32989
4 12 7581
5 12 94229
6 12 79884
7 12 63277
8 12 51755
9 12 48403
10 12 78269
11 12 89568
0 13 50422
1 13 69623
2 13 96741
3 13 3407
4 13 35153
5 13 40788
6 13 27331
8 13 39013
9 13 65525
10 13 18377
11 13 83159
12 13 22509
0 14 93559
1 14 5181
2 14 73737
3 14 35546
4 14 96811
5 14 27546
6 14 10381
7 14 10799
8 14 13078
9 14 91052
10 14 91171
11 14 42150
12 14 42576
13 14 32151
0 15 13116
1 15 65225
3 15 93777
4 15 50977
5 15 30298
6 15 53598
7 15 16036
8 15 18187
9 15 59307
10 15 80392
11 15 20877
12 15 45740
13 15 36935
14 15 76078
0 16 57247
1 16 10597
2 16 20263
3 16 43662
4 16 27712
5 16 25390
6 16 6334
7 16 38776
8 16 20715
9 16 3121
10 16 28974
11 16 99155
12 16 70157
14 16 82896
15 16 3926
0 17 16520
1 17 39738
2 17 11088
3 17 45104
4 17 19283
5 17 80665
6 17 69294
7 17 18081
8 17 27095
9 17 88359
10 17 24095
11 17 36191
12 17 92020
13 17 27892
14 17 13673
15 17 19634
16 17 92538
0 18 9858
1 18 17227
2 18 75703
3 18 82257
5 18 15283
6 18 9409
7 18 67313
8 18 5525
9 18 77350
10 18 99795
11 18 78986
12 18 34659
13 18 46075
14 18 58184
15 18 98142
16 18 46023
17 18 35776
0 19 17067
1 19 27970
2 19 85960
3 19 98164
4 19 24703
5 19 42272
6 19 13250
7 19 8491
8 19 83257
9 19 52152
10 19 63331
11 19 78318
12 19 23136
13 19 74810
14 19 76655
15 19 70712
16 19 75860
17 19 18414
18 19 13853
6 13
0 1 80318
1 2 31563
0 3 24089
1 4 98678
2 4 76249
1 5 82779
4 5 68782
0 6 35652
1 6 185
2 6 61927
3 6 11121
4 6 37155
5 6 62526
2 3
0 1 5296
0 2 46774
1 2 68344
4 4
0 4 86225
1 4 17097
2 4 30714
3 4 10174
19 70
1 3 36825
0 4 1837
0 5 67056
4 5 54536
2 6 29508
1 7 75476
2 7 626
4 7 23943
0 8 89531
3 8 31123
1 9 26027
4 9 89941
8 9 17794
0 10 4229
2 10 79801
4 10 58960
5 10 58070
0 11 76913
2 12 41000
4 12 25207
5 12 32024
10 12 35878
0 13 88565
1 13 70744
2 13 67338
5 13 90743
6 13 93551
7 13 17
10 13 73167
0 14 59822
3 14 10172
5 14 73311
7 14 55154
11 14 78280
12 14 60122
6 15 17070
7 15 91369
13 15 2835
2 16 96200
5 16 31770
7 16 18698
8 16 46255
3 17 43386
7 17 2523
8 17 51482
16 17 15419
0 18 87454
2 18 71403
5 18 50747
7 18 48944
14 18 39220
0 19 54928
1 19 20459
2 19 64858
3 19 33995
4 19 36512
5 19 16731
6 19 62320
7 19 14274
8 19 52461
9 19 81121
10 19 40554
11 19 73978
12 19 7351
13 19 94387
14 19 48735
15 19 98967
16 19 35473
17 19 80894
18 19 92798
10 17
0 1 24743
0 3 84259
3 5 4583
4 6 56209
1 7 49259
5 7 48787
3 8 7460
0 10 30899
1 10 27925
2 10 11504
3 10 71228
4 10 90216
5 10 44617
6 10 67254
7 10 23110
8 10 46483
9 10 46760
5 9
1 3 11072
0 4 55269
1 4 19417
2 4 73386
0 5 95606
1 5 64460
2 5 73821
3 5 4006
4 5 12198
7 26
0 1 19848
1 2 98872
0 3 50658
1 3 72947
2 3 4647
0 4 25878
1 4 44137
2 4 23008
3 4 46945
0 5 79927
1 5 86552
2 5 83528
3 5 80234
4 5 40877
0 6 99243
1 6 34644
3 6 83869
4 6 69870
5 6 27684
0 7 8337
1 7 8704
2 7 17446
3 7 16715
4 7 70482
5 7 79620
6 7 60583
20 81
1 2 23376
0 4 72138
1 4 9566
4 6 61650
5 6 86821
0 8 16110
4 8 9261
7 8 75954
2 9 83247
3 9 12081
4 9 29653
7 9 32166
0 10 94032
1 10 72135
7 10 50424
2 11 60366
4 11 78838
7 11 99881
9 11 48532
0 12 87556
3 12 69590
6 12 36227
9 12 15563
1 13 61638
4 13 1804
5 13 21958
6 13 97352
0 14 94956
1 14 4421
6 14 95524
7 14 82003
8 14 16185
12 14 10618
2 15 14499
3 15 62122
8 15 21967
12 15 9936
0 16 49758
3 16 78678
4 16 14388
5 16 43021
7 16 53270
9 16 13353
14 16 26308
0 17 5455
1 17 65259
7 17 81151
8 17 31753
10 17 70990
11 17 76614
12 17 46945
15 17 81022
6 18 14758
9 18 43838
2 19 79479
4 19 69300
6 19 10215
12 19 10156
16 19 44259
17 19 49914
18 19 2966
0 20 11763
1 20 52273
2 20 43043
3 20 28625
4 20 45721
5 20 61579
6 20 57604
7 20 46699
8 20 6681
9 20 86683
10 20 20720
11 20 61831
12 20 35247
13 20 68734
14 20 52747
15 20 90171
16 20 56940
17 20 99684
18 20 41297
19 20 56915
1 1
0 1 63681
14 79
0 1 47552
0 2 47852
1 2 69912
0 3 78609
1 3 77383
2 3 74981
2 4 23366
1 5 29999
3 5 28669
4 5 28985
0 6 12433
1 6 33918
4 6 52482
0 7 95390
1 7 72248
2 7 80422
3 7 82455
4 7 38302
5 7 35737
0 8 13819
1 8 67331
3 8 67127
4 8 7907
5 8 241
6 8 5477
7 8 80462
0 9 89766
1 9 95555
2 9 72447
3 9 74411
4 9 19314
5 9 36421
6 9 70290
7 9 72951
8 9 95302
0 10 39224
1 10 85033
2 10 93677
3 10 82966
4 10 72050
7 10 67306
9 10 84207
0 11 34628
1 11 97087
3 11 70678
4 11 22465
5 11 15845
6 11 5860
7 11 96945
8 11 31099
2 12 85254
3 12 50989
6 12 56486
10 12 3936
0 13 39375
1 13 7048
2 13 65031
4 13 61235
6 13 60035
7 13 88450
8 13 46508
9 13 61074
10 13 52400
11 13 83574
12 13 75968
0 14 25828
1 14 47455
2 14 11104
3 14 60009
4 14 21470
5 14 23636
6 14 77287
7 14 50742
8 14 87901
9 14 16583
10 14 95522
11 14 59592
12 14 94358
13 14 4772
17 45
0 2 59028
0 3 88684
3 4 67023
3 5 48745
0 6 93209
4 6 87836
1 7 92750
5 7 9799
3 8 87679
4 8 2262
7 8 24404
2 9 55708
5 9 71708
4 10 43405
9 10 23109
4 11 23359
9 11 19119
2 12 84642
12 13 80732
5 15 28582
6 15 41217
7 15 43874
10 15 97681
1 16 46789
3 16 21192
7 16 27374
12 16 97458
15 16 26983
0 17 62177
1 17 31226
2 17 39434
3 17 89810
4 17 52994
5 17 33131
6 17 46726
7 17 10168
8 17 50272
9 17 48680
10 17 46932
11 17 54856
12 17 23418
13 17 66857
14 17 83564
15 17 52963
16 17 21315
18 93
0 3 38002
1 3 19230
0 4 48358
3 4 57670
1 5 17985
3 5 75705
3 6 90043
2 7 2667
3 7 32114
5 7 38046
1 8 89864
6 8 76387
7 8 65182
0 9 20042
2 9 35826
4 9 6729
5 9 51116
1 10 9385
3 10 44878
5 10 79449
6 10 92367
8 10 42212
0 11 66477
2 11 39198
3 11 9485
4 11 96210
9 11 89344
10 11 63830
0 12 62247
1 12 82514
2 12 98102
3 12 4883
5 12 14912
6 12 22766
8 12 9994
9 12 56345
11 12 40638
0 13 38357
1 13 42825
2 13 70072
3 13 58371
4 13 58197
5 13 94927
8 13 99945
9 13 40734
10 13 48076
11 13 53257
0 14 91197
2 14 60056
3 14 95391
5 14 9342
7 14 85833
8 14 61197
10 14 51385
11 14 90745
13 14 23645
0 15 23890
2 15 80328
3 15 13688
6 15 72767
9 15 26797
12 15 83777
14 15 43038
2 16 6803
3 16 24704
7 16 8278
10 16 58536
11 16 45072
12 16 32755
13 16 78891
9 17 56365
11 17 27235
12 17 95667
14 17 42704
15 17 72621
0 18 45560
1 18 42634
2 18 15066
3 18 26081
4 18 15478
5 18 24957
6 18 29059
7 18 67686
8 18 29613
9 18 89797
10 18 83321
11 18 52996
12 18 76233
13 18 24661
14 18 56767
15 18 17846
16 18 42212
17 18 63891
16 36
2 4 63303
3 4 19148
4 5 38423
0 7 34729
6 7 74469
0 8 72357
2 9 97712
5 9 92258
7 9 50281
6 10 80668
7 10 60275
10 12 79246
11 13 61964
0 14 72768
12 14 73982
13 14 22290
0 15 94556
6 15 30974
13 15 17291
14 15 11763
0 16 82407
1 16 20854
2 16 58524
3 16 4651
4 16 74866
5 16 39678
6 16 35163
7 16 81295
8 16 79095
9 16 82037
10 16 96949
11 16 995
12 16 699
13 16 63883
14 16 4199
15 16 44385
10 32
0 1 81130
0 2 63894
1 3 33122
0 4 39433
2 4 31641
3 4 92147
1 5 58589
2 5 62748
4 5 93862
0 6 60112
1 6 22124
3 6 70331
4 6 11792
5 6 37499
1 7 38741
5 7 40008
0 8 47888
2 8 9112
4 8 74689
5 8 92876
2 9 76880
7 9 8528
0 10 81186
1 10 69086
2 10 91861
3 10 36371
4 10 53505
5 10 70845
6 10 28817
7 10 38457
8 10 76067
9 10 18691
10 52
0 2 40320
0 3 85780
1 3 47670
2 3 94990
0 4 73604
1 4 59569
2 4 63574
0 5 30237
1 5 78606
2 5 63223
3 5 42373
4 5 60661
0 6 9034
1 6 90978
2 6 99823
3 6 61697
4 6 34556
5 6 96054
0 7 22289
1 7 44712
2 7 27244
3 7 73509
4 7 51949
5 7 52518
6 7 91096
0 8 96725
1 8 74555
2 8 50701
3 8 10961
4 8 91296
5 8 37350
6 8 58846
7 8 94524
0 9 81781
1 9 69325
2 9 85524
3 9 24818
4 9 20501
5 9 78883
6 9 50522
7 9 80256
8 9 92087
0 10 74352
1 10 90704
2 10 23495
3 10 580
4 10 6925
5 10 18474
6 10 61661
7 10 72475
8 10 82252
9 10 93297
18 156
0 1 14984
0 2 51924
1 3 82605
2 3 583
0 4 561
1 4 97620
2 4 6630
3 4 63806
0 5 69529
1 5 98867
2 5 83649
3 5 15078
4 5 69956
0 6 20082
1 6 73788
2 6 79168
3 6 27387
4 6 3275
5 6 12589
0 7 59138
1 7 89182
2 7 46221
3 7 87420
4 7 5524
5 7 93245
6 7 47229
0 8 21668
1 8 41780
2 8 85792
3 8 5647
4 8 7829
5 8 14899
6 8 53407
0 9 7732
1 9 4629
2 9 60746
3 9 16481
4 9 73306
5 9 39829
6 9 48323
7 9 79634
8 9 64977
0 10 72767
1 10 90079
2 10 96203
3 10 858
4 10 19316
5 10 80040
7 10 17674
8 10 13065
9 10 21086
0 11 69046
1 11 7112
2 11 3881
4 11 16219
5 11 89264
6 11 79374
7 11 67337
8 11 51308
9 11 58163
10 11 37612
0 12 24895
1 12 97558
2 12 42453
5 12 93334
6 12 41934
7 12 34487
8 12 72849
9 12 82240
10 12 33578
11 12 28619
0 13 36390
1 13 33756
2 13 10025
3 13 72803
4 13 90698
5 13 771
6 13 70879
7 13 80468
8 13 37819
9 13 10919
10 13 86869
11 13 20681
12 13 331
1 14 54598
2 14 12636
3 14 55391
4 14 71329
5 14 53411
6 14 32705
8 14 44985
9 14 58511
10 14 31003
11 14 25236
13 14 25124
0 15 92965
1 15 6245
2 15 22333
3 15 15820
4 15 57674
5 15 60315
6 15 40323
7 15 17641
8 15 64845
9 15 84417
10 15 45983
11 15 18670
12 15 54787
13 15 97941
14 15 53790
1 16 17652
2 16 41993
3 16 58982
4 16 80325
5 16 49501
6 16 6659
7 16 3980
8 16 71619
9 16 28913
10 16 44509
11 16 48252
12 16 64131
13 16 92787
14 16 63077
15 16 56437
0 17 30139
2 17 16990
3 17 93738
4 17 8952
5 17 84349
6 17 11326
8 17 52762
9 17 58771
10 17 33422
12 17 98198
14 17 14541
15 17 16093
16 17 59219
0 18 56202
1 18 79981
2 18 22162
3 18 98285
4 18 76146
5 18 87092
6 18 71375
7 18 78197
8 18 24156
9 18 20732
10 18 8446
11 18 98287
12 18 87950
13 18 340
14 18 46719
15 18 26067
16 18 58658
17 18 73885
18 36
0 4 69186
1 4 7889
3 6 43996
0 7 85456
1 7 95088
5 7 32609
4 9 2272
7 9 98696
3 10 39851
7 11 84497
1 12 12822
6 14 40875
3 15 66930
6 15 3019
12 15 40115
6 17 39327
11 17 34082
16 17 8680
0 18 57432
1 18 60002
2 18 14177
3 18 87087
4 18 96459
5 18 14717
6 18 77554
7 18 51196
8 18 57441
9 18 16704
10 18 77904
11 18 18919
12 18 3723
13 18 63804
14 18 63253
15 18 18299
16 18 5389
17 18 76341
15 85
0 1 30639
1 2 55550
0 3 71540
1 3 71357
1 4 6955
2 4 74194
3 4 68138
0 5 2176
1 5 55377
2 5 60720
3 5 55063
4 5 36257
1 6 18922
2 6 22763
5 6 65609
3 7 99464
4 7 13661
5 7 95084
6 7 95363
0 8 10487
1 8 70379
2 8 20497
4 8 75067
6 8 54616
1 9 5576
2 9 47396
4 9 22327
5 9 14590
6 9 44747
7 9 19298
8 9 52826
1 10 89398
3 10 95147
6 10 2937
7 10 75889
8 10 58277
9 10 6888
0 11 74186
2 11 21139
3 11 82182
4 11 89334
5 11 8386
7 11 7001
8 11 2826
9 11 58401
10 11 54936
0 12 23440
1 12 64675
3 12 74669
4 12 74796
5 12 81270
6 12 23429
10 12 6390
1 13 34167
2 13 3461
3 13 90035
4 13 21058
6 13 87387
7 13 93864
8 13 6394
9 13 52022
10 13 50131
11 13 86555
0 14 82177
2 14 20959
4 14 85564
6 14 94807
9 14 18800
11 14 54521
12 14 76914
0 15 58367
1 15 58409
2 15 52743
3 15 57827
4 15 48061
5 15 57985
6 15 6529
7 15 62969
8 15 77068
9 15 99965
10 15 71598
11 15 41958
12 15 58230
13 15 91601
14 15 7954
13 68
0 1 48765
0 2 1066
1 2 79344
0 3 57385
1 3 32353
2 3 2451
1 4 44936
2 4 8108
0 5 8992
2 5 75247
3 5 60343
4 5 55306
0 6 61065
1 6 17490
2 6 54093
4 6 56121
5 6 49838
1 7 96564
3 7 45457
5 7 5999
6 7 26226
0 8 36990
1 8 60034
2 8 30105
3 8 54849
5 8 39022
7 8 36343
1 9 70074
3 9 10698
4 9 7294
7 9 37475
8 9 7318
0 10 11745
1 10 55802
2 10 26910
4 10 13525
6 10 41421
8 10 91646
9 10 82232
0 11 61301
1 11 53371
3 11 3303
6 11 49595
7 11 96725
8 11 91624
9 11 39205
10 11 47626
0 12 770
1 12 74242
4 12 33539
5 12 59120
6 12 10447
7 12 87472
9 12 74206
10 12 52163
0 13 89619
1 13 70311
2 13 28536
3 13 58228
4 13 62190
5 13 79165
6 13 82792
7 13 30188
8 13 39349
9 13 89733
10 13 95490
11 13 13760
12 13 1760
4 8
0 2 65031
1 2 21914
0 3 82120
1 3 66527
0 4 3136
1 4 41222
2 4 39431
3 4 57884
10 29
0 2 8121
0 4 40571
1 4 87342
2 4 85767
0 5 5397
0 6 79601
4 6 31587
5 6 74004
1 7 14372
2 7 1654
3 7 77039
4 7 6254
2 8 1460
7 8 76944
0 9 73278
1 9 40500
3 9 28743
4 9 74821
7 9 28405
0 10 64056
1 10 96610
2 10 21221
3 10 85045
4 10 78401
5 10 9814
6 10 98971
7 10 38654
8 10 54645
9 10 40129
6 7
1 2 30532
0 6 12637
1 6 20279
2 6 89687
3 6 68154
4 6 24786
5 6 27259
18 123
0 2 25430
1 2 55085
0 3 14576
2 4 71846
0 5 59552
1 5 46067
3 5 48272
4 5 54082
1 6 83946
2 6 29591
3 6 28597
4 6 81533
5 6 22514
0 7 96497
1 7 667
3 7 2803
4 7 31723
5 7 78475
6 7 78648
0 8 41483
1 8 42439
2 8 84143
3 8 35582
4 8 40015
5 8 85625
6 8 54948
7 8 67308
0 9 90504
1 9 29770
3 9 30150
4 9 15858
5 9 34649
6 9 13505
7 9 78595
0 10 49941
1 10 85129
2 10 4014
6 10 28453
7 10 36566
9 10 61489
2 11 99251
3 11 23498
5 11 91753
6 11 59041
7 11 92504
8 11 33053
0 12 93945
1 12 84816
3 12 438
4 12 62046
6 12 51079
10 12 80763
11 12 81429
0 13 21125
1 13 62709
4 13 84910
5 13 79285
8 13 3757
9 13 69822
10 13 40717
11 13 24878
12 13 35031
0 14 75127
1 14 95737
3 14 47319
5 14 45810
9 14 91555
10 14 34253
11 14 45284
12 14 10232
13 14 89285
0 15 96095
2 15 71178
3 15 94795
4 15 9840
5 15 99702
6 15 52123
7 15 60183
8 15 35655
10 15 48876
11 15 85186
12 15 29660
13 15 70541
0 16 32120
2 16 37137
3 16 80138
4 16 6201
6 16 69995
7 16 47610
8 16 37914
9 16 53334
11 16 94862
14 16 44592
15 16 33448
0 17 80429
1 17 20174
2 17 98579
3 17 91616
5 17 34855
7 17 56993
8 17 89091
9 17 76702
12 17 5162
14 17 57747
15 17 68781
0 18 42238
1 18 82936
2 18 92916
3 18 99435
4 18 69909
5 18 61876
6 18 8759
7 18 88859
8 18 92550
9 18 60966
10 18 69671
11 18 22850
12 18 86460
13 18 65056
14 18 17191
15 18 43646
16 18 32209
17 18 33000
10 54
0 1 56696
0 2 85327
1 2 12496
0 3 49485
1 3 67775
2 3 44181
0 4 47869
1 4 94383
2 4 98248
3 4 1438
0 5 97157
1 5 25543
2 5 11393
3 5 69621
4 5 12445
0 6 11100
1 6 95369
2 6 93373
3 6 22159
4 6 7978
5 6 65396
0 7 40171
1 7 42843
2 7 37247
3 7 54827
4 7 85991
5 7 79025
6 7 13727
0 8 39529
1 8 35022
2 8 87833
3 8 34561
4 8 90718
5 8 57907
6 8 6028
7 8 26991
0 9 62736
1 9 38809
2 9 54872
3 9 98570
4 9 68085
5 9 22842
7 9 94243
8 9 28539
0 10 21380
1 10 84729
2 10 53475
3 10 35712
4 10 17335
5 10 80398
6 10 20420
7 10 18714
8 10 94312
9 10 20508
4 10
0 1 32961
0 2 53527
1 2 18011
0 3 48671
1 3 30750
2 3 40452
0 4 45611
1 4 48310
2 4 62226
3 4 6621
5 14
0 1 87802
0 2 29408
1 2 94192
1 3 22179
2 3 83874
0 4 85216
1 4 12143
2 4 84413
3 4 30374
0 5 86434
1 5 44673
2 5 62344
3 5 99211
4 5 59969
15 117
0 1 9140
0 2 79863
1 2 41126
0 3 35874
1 3 21191
2 3 94302
0 4 24994
1 4 66396
2 4 23821
3 4 2175
0 5 96204
1 5 57315
2 5 7794
3 5 47486
4 5 9290
0 6 55333
1 6 14102
2 6 38674
3 6 38773
4 6 79365
5 6 85770
0 7 21737
1 7 77243
2 7 52633
3 7 44855
4 7 67906
5 7 64219
6 7 29450
0 8 86263
1 8 65009
2 8 46508
3 8 11159
4 8 40217
5 8 75903
6 8 88567
7 8 92722
0 9 58785
1 9 89895
2 9 85560
3 9 37025
4 9 40166
5 9 14009
6 9 21345
7 9 43166
8 9 76915
0 10 18939
1 10 40951
2 10 89688
3 10 45830
4 10 1123
6 10 74256
7 10 25364
8 10 55870
9 10 22627
0 11 81917
1 11 41539
2 11 46989
3 11 73990
4 11 35656
5 11 83726
7 11 36851
8 11 3152
9 11 59877
10 11 90664
0 12 85875
2 12 42859
3 12 9112
4 12 5986
5 12 45459
6 12 18518
7 12 54821
8 12 10162
9 12 98159
10 12 57554
11 12 4977
0 13 16008
1 13 77704
2 13 83518
3 13 36789
4 13 20157
5 13 49376
6 13 71981
7 13 29533
8 13 54526
9 13 78286
10 13 78471
11 13 92233
12 13 37325
0 14 30747
1 14 63302
2 14 22317
3 14 25406
4 14 84486
5 14 24665
6 14 54994
7 14 54650
8 14 31842
9 14 23652
10 14 21971
11 14 45023
12 14 54003
13 14 35518
0 15 69953
1 15 89694
2 15 49173
3 15 96337
4 15 73696
5 15 56892
6 15 56053
7 15 52765
8 15 94760
9 15 82482
10 15 89621
11 15 3094
12 15 81796
13 15 49933
14 15 56748
17 105
0 1 1963
1 2 11188
2 3 5922
1 4 36600
2 4 65135
1 5 90287
3 5 88368
2 6 96191
3 6 90180
4 6 11356
5 6 43122
4 7 68728
5 7 45044
6 7 10197
1 8 94977
2 8 45906
3 8 13902
4 8 70716
5 8 5707
7 8 6826
0 9 41802
1 9 88935
2 9 97924
3 9 73829
4 9 99667
5 9 5722
6 9 96914
7 9 50414
8 9 43400
0 10 51680
2 10 22762
4 10 58502
5 10 28722
6 10 35665
8 10 18287
9 10 14229
2 11 23568
3 11 5950
4 11 2916
5 11 91363
6 11 63092
7 11 69287
8 11 24805
9 11 61520
10 11 81081
0 12 46431
2 12 83315
3 12 65905
4 12 22634
5 12 49148
6 12 76618
7 12 96962
8 12 76287
9 12 57503
10 12 84357
0 13 92297
1 13 50309
2 13 26443
4 13 73927
5 13 4008
6 13 25620
9 13 71667
11 13 89110
0 14 12549
2 14 74589
3 14 30139
5 14 94983
6 14 12869
7 14 86480
12 14 16156
0 15 8214
1 15 15076
10 15 16288
11 15 57909
12 15 12702
13 15 62193
0 16 43080
1 16 73002
4 16 37093
6 16 78606
7 16 35741
8 16 44482
9 16 79693
10 16 39912
11 16 8440
12 16 97319
13 16 63509
15 16 24805
0 17 34929
1 17 7128
2 17 87967
3 17 57971
4 17 96851
5 17 75985
6 17 42240
7 17 6695
8 17 15184
9 17 62573
10 17 9062
11 17 58009
12 17 51139
13 17 49774
14 17 37990
15 17 72853
16 17 45751
20 184
0 1 54355
0 2 40017
1 2 89496
0 3 96733
1 3 44942
2 3 9790
0 4 38548
1 4 43603
2 4 76161
3 4 58317
1 5 10256
2 5 66970
3 5 33564
0 6 61069
3 6 18606
4 6 18904
5 6 62396
0 7 63327
1 7 65357
2 7 32464
3 7 71461
4 7 63733
5 7 69598
6 7 61420
0 8 76948
1 8 22512
2 8 5799
4 8 26781
5 8 57203
0 9 62373
1 9 97558
2 9 99659
3 9 4212
4 9 89190
5 9 48037
6 9 55066
7 9 54817
8 9 29102
0 10 14301
1 10 29547
2 10 90023
4 10 27474
5 10 99657
6 10 95123
7 10 89873
8 10 5227
9 10 70806
1 11 22156
3 11 12133
5 11 38191
6 11 34988
7 11 84382
8 11 83852
9 11 42540
10 11 4005
0 12 38174
1 12 39301
2 12 84137
3 12 67718
4 12 25781
5 12 145
6 12 95200
7 12 81500
8 12 95494
9 12 26262
10 12 45856
11 12 37700
0 13 70698
1 13 25901
2 13 41354
3 13 93811
4 13 79021
5 13 39555
6 13 14676
7 13 38703
8 13 67568
9 13 18009
10 13 67401
11 13 20915
12 13 75717
0 14 31301
1 14 13319
2 14 93007
3 14 70358
4 14 70607
6 14 36005
7 14 42527
8 14 84437
9 14 3354
10 14 85901
11 14 56847
12 14 60392
13 14 51888
0 15 10674
1 15 6539
2 15 74381
3 15 88622
4 15 7603
6 15 72061
7 15 83033
8 15 96835
9 15 83067
10 15 83717
11 15 66212
12 15 47626
13 15 30171
14 15 40230
0 16 57660
1 16 13857
2 16 92095
5 16 69466
6 16 1936
9 16 94389
10 16 27369
11 16 77818
12 16 82329
14 16 70971
15 16 13691
0 17 71477
1 17 82184
2 17 7177
4 17 17850
5 17 15146
7 17 84697
9 17 14019
10 17 43505
11 17 11963
12 17 50434
13 17 21212
14 17 38551
15 17 63631
16 17 83267
0 18 88783
1 18 22194
2 18 12747
3 18 10927
5 18 20970
6 18 87127
7 18 12185
8 18 277
10 18 21969
11 18 56005
12 18 63650
13 18 31800
14 18 57962
15 18 60783
16 18 80765
0 19 1318
1 19 6628
2 19 31399
3 19 2288
4 19 85280
5 19 91270
6 19 77362
7 19 19473
9 19 4108
11 19 74597
12 19 64243
13 19 69280
14 19 17596
15 19 72350
16 19 46915
17 19 21471
18 19 25637
0 20 70
1 20 98204
2 20 9117
3 20 47363
4 20 20409
5 20 8475
6 20 70270
7 20 92654
8 20 8390
9 20 69427
10 20 66494
11 20 12914
12 20 31762
13 20 10536
14 20 31754
15 20 65612
16 20 82069
17 20 55410
18 20 62341
19 20 20816
5 15
0 1 78077
0 2 21389
1 2 82127
0 3 1545
1 3 81373
2 3 63763
0 4 83436
1 4 84057
2 4 16211
3 4 16226
0 5 10908
1 5 68215
2 5 1516
3 5 63874
4 5 48391
13 21
0 3 54937
2 3 86966
4 8 2122
2 10 75712
9 10 90355
1 12 67080
7 12 9682
8 12 70382
0 13 19052
1 13 97428
2 13 82337
3 13 33467
4 13 72401
5 13 11176
6 13 85648
7 13 47499
8 13 22431
9 13 51502
10 13 70224
11 13 52598
12 13 7690
11 13
6 8 84111
1 10 13157
0 11 76784
1 11 98517
2 11 63286
3 11 19305
4 11 70590
5 11 54948
6 11 25829
7 11 46973
8 11 83933
9 11 75343
10 11 47674
11 37
2 3 39374
1 4 23677
2 4 99413
4 5 20415
0 6 95011
1 6 60626
2 6 68059
4 6 56217
1 7 32658
5 7 9935
6 7 46486
0 8 55720
2 8 15045
4 8 8480
6 8 44590
7 8 40783
2 9 48792
3 9 49434
6 9 32614
8 9 26771
1 10 9997
4 10 35958
5 10 88824
6 10 10837
7 10 43519
8 10 14820
0 11 80951
1 11 52551
2 11 993
3 11 75078
4 11 2356
5 11 90480
6 11 27338
7 11 20833
8 11 87845
9 11 68362
10 11 9010
13 82
0 1 6923
0 2 58
1 2 82604
0 3 11492
1 3 62494
2 3 84058
0 4 8699
1 4 13797
2 4 97278
3 4 88604
0 5 30728
1 5 62114
2 5 32195
3 5 24305
4 5 29638
0 6 46454
1 6 45976
2 6 34492
3 6 5912
4 6 41550
5 6 9084
0 7 17175
1 7 3160
2 7 83148
3 7 49666
4 7 2189
5 7 39028
6 7 65191
1 8 82333
2 8 59468
5 8 22781
6 8 789
7 8 54415
0 9 33388
1 9 25237
2 9 20345
3 9 79180
4 9 82218
6 9 90964
7 9 43975
8 9 91029
0 10 94894
1 10 70264
2 10 83801
3 10 82234
4 10 15141
5 10 92811
6 10 54480
7 10 150
9 10 12516
0 11 43022
1 11 10173
2 11 1149
3 11 40209
4 11 5322
5 11 65143
6 11 27723
7 11 74836
8 11 42126
10 11 63002
0 12 43361
1 12 76471
2 12 53698
4 12 67746
5 12 46137
7 12 80333
8 12 37811
9 12 33849
11 12 89597
0 13 33126
1 13 86896
2 13 60859
3 13 8262
4 13 29889
5 13 89359
6 13 18007
7 13 30528
8 13 48347
9 13 12341
10 13 28648
11 13 33911
12 13 7362
15 35
0 2 53059
2 3 73821
2 4 23067
3 4 42080
4 6 63416
2 7 40984
5 9 70036
6 9 38838
3 10 47435
6 10 24099
0 11 38397
2 11 37352
8 12 73878
11 12 58070
0 13 78051
3 13 69371
10 13 57851
12 13 70387
5 14 16937
11 14 84143
0 15 24968
1 15 28953
2 15 17391
3 15 30757
4 15 83264
5 15 15654
6 15 93222
7 15 2091
8 15 68058
9 15 25477
10 15 99808
11 15 63217
12 15 30996
13 15 90935
14 15 52199
4 4
0 4 23831
1 4 70312
2 4 1262
3 4 99779
4 6
0 3 18213
2 3 93179
0 4 46461
1 4 33434
2 4 89125
3 4 73421
16 104
1 2 60488
0 3 68810
2 3 20947
0 4 93817
1 4 63258
2 4 55824
3 4 35264
0 5 65855
2 5 9053
4 5 12684
0 6 56116
1 6 93121
2 6 3377
3 6 99365
4 6 63848
5 6 74171
1 7 16419
2 7 17968
5 7 28787
6 7 91301
0 8 4049
1 8 43523
3 8 17007
4 8 18256
5 8 38151
6 8 30914
1 9 69441
2 9 82176
4 9 97664
5 9 43566
7 9 84096
8 9 83308
0 10 22717
1 10 64311
2 10 34454
4 10 41684
5 10 61608
6 10 58688
7 10 1122
8 10 55721
2 11 68009
3 11 50289
5 11 47796
6 11 90164
9 11 6526
10 11 68062
1 12 57707
2 12 64236
4 12 53361
5 12 29835
6 12 49888
7 12 22950
8 12 24491
10 12 28946
11 12 19375
1 13 96748
2 13 91725
3 13 83856
5 13 43766
7 13 70528
8 13 3735
9 13 74135
10 13 77166
12 13 13027
0 14 57350
1 14 15758
2 14 28662
3 14 89396
4 14 67372
5 14 33451
6 14 40495
8 14 75304
9 14 42837
11 14 96207
12 14 90444
13 14 64431
1 15 88959
3 15 33359
4 15 6993
5 15 95264
6 15 46168
7 15 39778
8 15 79877
9 15 10233
10 15 30345
11 15 95557
13 15 85729
14 15 4274
0 16 31308
1 16 82011
2 16 26759
3 16 22730
4 16 80799
5 16 20841
6 16 96619
7 16 54010
8 16 98360
9 16 92601
10 16 51779
11 16 31905
12 16 21478
13 16 10162
14 16 19607
15 16 9842
12 58
0 1 80777
0 2 49627
1 2 69334
1 3 83557
2 3 79055
0 4 8793
1 4 95032
2 4 23
3 4 65778
1 5 73114
2 5 75655
3 5 73284
4 5 56076
0 6 64151
1 6 42894
4 6 14797
5 6 45374
0 7 71545
1 7 70378
3 7 7959
4 7 76961
6 7 3679
0 8 79667
3 8 32187
4 8 81371
5 8 45148
7 8 92690
1 9 63788
2 9 11109
3 9 16643
4 9 56836
5 9 66683
6 9 54985
7 9 35302
8 9 85917
0 10 46187
3 10 17464
4 10 61518
5 10 70497
6 10 85630
7 10 16420
9 10 28244
2 11 12551
8 11 30716
9 11 35661
10 11 47095
0 12 60513
1 12 67866
2 12 6658
3 12 50922
4 12 45789
5 12 28915
6 12 30111
7 12 24462
8 12 57403
9 12 43360
10 12 4971
11 12 98115
20 83
1 2 25835
3 4 84733
0 5 92745
3 5 16407
4 5 82504
2 6 50334
3 6 82383
5 6 23480
0 7 36993
6 8 3699
0 9 86524
4 9 1270
5 9 14051
7 9 75921
0 10 92121
1 10 53288
3 10 37065
6 10 93085
7 10 59673
0 11 30059
2 11 14595
6 11 61499
0 12 23642
1 12 21826
11 12 11497
0 13 22688
2 13 41637
5 13 25981
6 13 12605
8 13 20916
11 13 3209
2 14 842
7 14 59520
8 14 50678
9 14 17556
13 14 42703
7 15 20220
9 15 19931
10 15 13397
11 15 41124
12 15 47416
8 16 5930
11 16 18179
15 16 15657
0 17 71741
1 17 83474
2 17 80556
6 17 83444
7 17 80129
9 17 19648
11 17 7015
0 18 90403
1 18 55301
2 18 57024
6 18 35967
7 18 14258
8 18 55740
17 18 54338
1 19 22087
6 19 2741
7 19 95029
14 19 93496
16 19 55859
0 20 68761
1 20 10928
2 20 95094
3 20 47892
4 20 21007
5 20 74025
6 20 82272
7 20 97670
8 20 6718
9 20 29702
10 20 92506
11 20 14956
12 20 11048
13 20 38788
14 20 71009
15 20 9228
16 20 46438
17 20 82803
18 20 21574
19 20 65248
11 53
0 1 28339
0 2 53207
1 2 65876
0 3 17665
1 3 84106
2 3 1337
0 4 68250
2 4 32781
3 4 74229
0 5 76270
1 5 60331
3 5 77178
4 5 49729
0 6 78558
1 6 23465
2 6 68397
3 6 97527
4 6 88317
5 6 42189
0 7 96199
2 7 44618
4 7 62610
6 7 94074
0 8 42815
1 8 4207
2 8 74226
3 8 34455
4 8 44816
5 8 15667
6 8 13052
7 8 65025
0 9 69043
1 9 48901
4 9 23499
6 9 62505
8 9 46225
1 10 762
3 10 15086
5 10 40681
6 10 58484
8 10 10843
9 10 8621
0 11 95000
1 11 71616
2 11 31371
3 11 84725
4 11 7618
5 11 81552
6 11 34846
7 11 17697
8 11 4601
9 11 14540
10 11 26376
9 45
0 1 3515
0 2 48716
1 2 62462
0 3 73773
1 3 22516
2 3 18711
0 4 42007
1 4 82174
2 4 67083
3 4 92401
0 5 73255
1 5 18839
2 5 23029
3 5 39832
4 5 68827
0 6 35136
1 6 87706
2 6 27872
3 6 2230
4 6 35222
5 6 983
0 7 88206
1 7 97616
2 7 23720
3 7 41215
4 7 35324
5 7 52660
6 7 53500
0 8 74517
1 8 65849
2 8 44801
3 8 29384
4 8 29300
5 8 63557
6 8 95498
7 8 37945
0 9 68807
1 9 91481
2 9 71575
3 9 655
4 9 87409
5 9 22653
6 9 21921
7 9 19455
8 9 45350
16 97
0 2 39152
1 2 15408
0 3 55332
1 3 77954
0 4 65388
0 5 55594
1 5 9243
2 5 29974
3 5 85064
4 5 4656
0 6 93063
1 6 71692
3 6 65624
4 6 53476
0 7 41198
1 7 5997
2 7 95465
6 7 85951
0 8 38107
1 8 85440
2 8 4859
3 8 741
4 8 82687
5 8 99553
7 8 13133
0 9 63038
1 9 71824
4 9 95085
5 9 4734
7 9 4976
8 9 56183
1 10 66959
2 10 63858
3 10 41053
5 10 68679
6 10 76264
8 10 49708
9 10 67558
0 11 72773
1 11 78938
2 11 40006
3 11 91118
4 11 88982
5 11 71956
6 11 3130
10 11 27123
2 12 78600
4 12 58670
7 12 76850
8 12 66034
0 13 71152
1 13 53083
2 13 40310
3 13 62420
4 13 83650
5 13 35121
8 13 75955
9 13 16655
10 13 53535
11 13 80875
12 13 13861
1 14 42796
2 14 69806
4 14 27623
6 14 67366
10 14 4335
12 14 48641
13 14 47398
0 15 73688
1 15 45231
2 15 12664
3 15 45432
4 15 52837
6 15 52193
7 15 44246
9 15 10247
10 15 91231
11 15 5045
12 15 62756
13 15 91827
14 15 42119
0 16 1659
1 16 85473
2 16 97592
3 16 30628
4 16 75363
5 16 48091
6 16 62733
7 16 20883
8 16 12637
9 16 38427
10 16 44634
11 16 3848
12 16 32812
13 16 18300
14 16 29630
15 16 55207
2 2
0 2 60811
1 2 24656
10 10
0 10 66206
1 10 88698
2 10 64619
3 10 41832
4 10 53866
5 10 42261
6 10 50074
7 10 32249
8 10 10879
9 10 30217
19 190
0 1 82678
0 2 22956
1 2 2653
0 3 93656
1 3 72980
2 3 48733
0 4 99533
1 4 70764
2 4 73482
3 4 52080
0 5 45597
1 5 28844
2 5 35277
3 5 57732
4 5 21596
0 6 91166
1 6 45192
2 6 1738
3 6 71598
4 6 83521
5 6 14421
0 7 85834
1 7 72490
2 7 14211
3 7 11752
4 7 5725
5 7 78747
6 7 16616
0 8 64837
1 8 10610
2 8 72320
3 8 2154
4 8 53348
5 8 77449
6 8 32492
7 8 756
0 9 71956
1 9 35579
2 9 73318
3 9 66533
4 9 58197
5 9 26384
6 9 95113
7 9 65811
8 9 39165
0 10 75591
1 10 40069
2 10 37190
3 10 8052
4 10 10674
5 10 70972
6 10 35673
7 10 49592
8 10 31575
9 10 92551
0 11 23932
1 11 5337
2 11 79056
3 11 57423
4 11 56629
5 11 19166
6 11 55980
7 11 46932
8 11 63994
9 11 87902
10 11 23404
0 12 95785
1 12 52696
2 12 96200
3 12 67142
4 12 25718
5 12 74768
6 12 32444
7 12 26309
8 12 11444
9 12 54068
10 12 7215
11 12 96680
0 13 20053
1 13 6286
2 13 38315
3 13 31743
4 13 95322
5 13 64890
6 13 53005
7 13 33169
8 13 34970
9 13 81511
10 13 2021
11 13 97720
12 13 98882
0 14 79194
1 14 32506
2 14 14755
3 14 2383
4 14 56235
5 14 38883
6 14 23955
7 14 64662
8 14 68486
9 14 53519
10 14 80191
11 14 477
12 14 13515
13 14 54206
0 15 11376
1 15 66495
2 15 94350
3 15 74693
4 15 54149
5 15 25452
6 15 45656
7 15 64878
8 15 89777
9 15 62118
10 15 24772
11 15 74421
12 15 29208
13 15 10853
14 15 97827
0 16 79661
1 16 46774
2 16 25972
3 16 43353
4 16 16537
5 16 87447
6 16 7794
7 16 13246
8 16 89587
9 16 54944
10 16 43698
11 16 85501
12 16 19209
13 16 47909
14 16 59707
15 16 28248
0 17 12219
1 17 70224
2 17 43177
3 17 45826
4 17 56798
5 17 75745
6 17 49226
7 17 71747
8 17 47516
9 17 42696
10 17 76066
11 17 54520
12 17 34481
13 17 12812
14 17 62119
15 17 70993
16 17 19824
0 18 2024
1 18 7078
2 18 70033
3 18 97340
4 18 65257
5 18 39900
6 18 69649
7 18 34383
8 18 12274
9 18 54142
10 18 48158
11 18 75606
12 18 56184
13 18 88977
14 18 60726
15 18 22643
16 18 55013
17 18 2642
0 19 74767
1 19 23258
2 19 79961
3 19 73328
4 19 66224
5 19 18517
6 19 49797
7 19 96461
8 19 9429
9 19 99296
10 19 46286
11 19 74465
12 19 70063
13 19 7726
14 19 90352
15 19 46999
16 19 60098
17 19 13698
18 19 23288
5 8
1 2 62729
2 3 56247
2 4 56421
0 5 45328
1 5 2395
2 5 83861
3 5 47450
4 5 1903
17 85
0 2 27621
1 2 2658
0 3 53978
1 3 34411
1 4 98918
2 4 5174
3 4 18800
0 5 5282
3 5 51010
4 5 16177
2 6 94061
5 6 3992
0 7 29913
2 7 31392
3 7 40251
4 7 45888
6 7 12017
0 8 6839
1 8 92558
2 8 30630
7 8 37110
5 9 4133
6 9 85161
8 9 17187
0 10 64082
2 10 29148
5 10 233
8 10 2723
0 11 35411
5 11 90311
6 11 37333
8 11 37485
9 11 83630
2 12 2413
3 12 37705
9 12 86494
10 12 73068
11 12 16095
1 13 97102
4 13 81201
5 13 80486
7 13 70714
8 13 22447
11 13 73188
12 13 14898
0 14 78852
1 14 70138
6 14 89786
7 14 31931
13 14 57446
0 15 39214
1 15 67733
4 15 43850
7 15 79324
8 15 64546
10 15 76465
11 15 55788
12 15 50717
14 15 35371
0 16 50716
1 16 86614
4 16 54352
7 16 51394
11 16 99714
12 16 26619
13 16 80960
14 16 5756
15 16 67220
0 17 18786
1 17 95299
2 17 90778
3 17 33773
4 17 42984
5 17 31378
6 17 60298
7 17 56148
8 17 59512
9 17 50846
10 17 12975
11 17 82854
12 17 66479
13 17 48559
14 17 22658
15 17 38610
16 17 81438
19 71
1 2 69283
1 3 76468
2 3 47258
1 4 94462
2 4 55735
3 4 54132
0 5 35951
0 6 41384
2 6 25860
0 7 62977
2 8 20912
3 8 86348
5 8 12144
3 9 10103
5 9 90270
2 10 30249
0 11 68236
3 11 95006
5 11 51288
0 12 40565
2 12 59971
3 12 98579
5 12 56487
6 12 57249
10 12 28004
11 12 57798
0 13 21430
1 13 2897
4 13 25464
6 13 95596
9 13 4848
0 14 32581
4 14 17100
6 14 53948
9 14 17144
2 15 10349
3 15 20221
10 15 13854
3 16 74532
4 16 93724
7 16 85271
14 16 85141
2 17 45141
6 17 84010
10 17 26165
11 17 98574
14 17 27308
15 17 35038
0 18 63335
2 18 77666
9 18 92711
13 18 93758
0 19 13273
1 19 67260
2 19 15936
3 19 75792
4 19 90742
5 19 66359
6 19 91458
7 19 99227
8 19 5134
9 19 12942
10 19 74280
11 19 83987
12 19 25416
13 19 12065
14 19 41171
15 19 57859
16 19 86783
17 19 48004
18 19 82521
14 43
0 1 88712
0 3 64318
3 4 77578
0 5 98165
2 5 72288
2 6 53982
5 6 93100
6 7 68789
3 8 31045
4 8 70967
6 8 84502
3 9 11226
5 9 67613
6 9 70384
7 9 32699
8 9 37683
5 10 864
6 10 42388
9 10 72391
7 11 78030
10 11 58131
3 12 31185
4 12 5690
7 12 62286
2 13 6893
3 13 87333
4 13 14966
11 13 95898
12 13 26878
0 14 65438
1 14 56403
2 14 13046
3 14 8597
4 14 46096
5 14 3086
6 14 22028
7 14 22354
8 14 32250
9 14 69441
10 14 58787
11 14 89871
12 14 90254
13 14 71490
7 24
0 1 52051
0 2 89152
0 3 94546
1 3 9092
2 3 62747
0 4 4644
1 4 27987
2 4 64601
3 4 63145
0 5 36859
1 5 61549
2 5 14438
1 6 30927
2 6 77248
3 6 78162
4 6 21467
5 6 31216
0 7 80940
1 7 19367
2 7 21028
3 7 35286
4 7 91215
5 7 60637
6 7 90421
18 88
0 3 92396
0 4 70906
2 4 8303
3 4 85326
1 5 72897
2 5 14921
3 5 12343
4 5 69817
0 6 82178
2 6 92801
4 6 72421
5 6 71457
0 7 43410
1 7 365
3 7 51098
4 7 17635
5 7 73379
0 8 25487
4 8 5666
5 8 21710
3 9 47468
6 9 56340
2 10 18395
6 10 37437
7 10 99667
8 10 97539
9 10 86913
2 11 70301
5 11 12170
6 11 39742
7 11 78764
2 12 81358
6 12 39131
10 12 58511
2 13 75130
3 13 22207
4 13 33791
12 13 33777
0 14 22995
5 14 14533
6 14 55
7 14 40696
9 14 36910
10 14 88887
11 14 42890
1 15 51512
4 15 86096
6 15 50930
7 15 94996
8 15 56119
9 15 9935
10 15 41483
11 15 85956
13 15 40866
14 15 60960
0 16 56344
2 16 28544
5 16 45679
6 16 34911
10 16 1323
13 16 33128
15 16 29750
1 17 23844
3 17 64742
8 17 57920
9 17 26729
11 17 44640
13 17 36746
15 17 36054
16 17 18394
0 18 57807
1 18 68148
2 18 97411
3 18 20146
4 18 93541
5 18 82717
6 18 67504
7 18 66764
8 18 80301
9 18 73714
10 18 45655
11 18 40091
12 18 25885
13 18 33107
14 18 54184
15 18 79399
16 18 23485
17 18 45104
19 125
0 2 98443
1 2 4880
0 3 37244
0 5 27771
1 5 77539
2 5 49988
4 5 17501
0 6 69629
4 6 72265
5 6 84683
1 7 80898
2 7 89143
3 7 6529
4 7 33987
5 7 5803
2 8 52937
3 8 90505
4 8 84228
5 8 79482
6 8 73857
7 8 44181
1 9 79595
2 9 79245
3 9 32820
4 9 80972
5 9 2196
6 9 11448
7 9 76861
8 9 68761
3 10 17184
4 10 52227
5 10 80103
6 10 35016
7 10 99567
8 10 1253
2 11 31415
3 11 17641
4 11 59543
7 11 11702
8 11 95480
9 11 47508
1 12 11915
2 12 1901
3 12 43479
4 12 79490
6 12 44005
8 12 20744
11 12 57243
0 13 41287
1 13 65323
3 13 57440
4 13 1078
7 13 89865
12 13 38203
0 14 47917
3 14 90271
4 14 84380
5 14 84931
7 14 72782
8 14 15294
9 14 53572
11 14 11171
12 14 9558
13 14 16622
0 15 68734
1 15 78123
2 15 69625
3 15 10920
6 15 10866
8 15 64278
11 15 42926
14 15 34417
1 16 45211
2 16 26239
3 16 94800
4 16 55935
5 16 67561
7 16 501
9 16 44222
10 16 91306
11 16 45775
12 16 32099
13 16 49074
14 16 83056
15 16 12734
0 17 34470
1 17 87570
3 17 73019
4 17 74627
6 17 5854
7 17 1550
12 17 88137
14 17 89670
15 17 91525
16 17 98852
0 18 14315
2 18 24321
3 18 32893
4 18 38995
6 18 68772
8 18 77170
11 18 99497
12 18 43426
13 18 22215
15 18 36910
17 18 12650
0 19 97386
1 19 76213
2 19 27414
3 19 98450
4 19 31359
5 19 37593
6 19 31822
7 19 9525
8 19 1610
9 19 35978
10 19 94815
11 19 8891
12 19 32413
13 19 70571
14 19 67236
15 19 78562
16 19 67774
17 19 40466
18 19 69581
8 13
1 2 53070
0 4 40476
2 4 91531
0 5 71339
0 6 59191
0 8 80780
1 8 3543
2 8 754
3 8 48786
4 8 69624
5 8 18803
6 8 44292
7 8 95750
14 23
1 3 51233
2 4 6150
3 9 89899
4 9 68384
0 10 52136
2 11 71427
7 12 64331
11 12 33990
5 13 63860
0 14 59119
1 14 1991
2 14 14589
3 14 41064
4 14 9934
5 14 73679
6 14 37587
7 14 58180
8 14 3005
9 14 71608
10 14 62078
11 14 54759
12 14 3787
13 14 74969
7 11
0 1 19100
3 5 10520
0 6 77115
2 6 58650
0 7 99678
1 7 6344
2 7 96658
3 7 89135
4 7 87628
5 7 97005
6 7 96241
