100
7
2
126
1524
7257600
87091200
958003200
1000000000
1
993686400
972159504
241678080
788971644
33506784
127518104
48058050
321231024
448498080
922494776
423675301
483381360
583640640
983450160
230320872
327515370
176938080
472362480
344695601
261730884
339812160
192054734
813374900
541898100
234806040
293243328
6702696
135535680
902097954
648037152
713053692
369714618
687673771
944818560
68144076
809366922
547316222
71447250
706386240
248486166
231401112
484700640
36897120
536415264
531335826
551207280
917326080
703738299
836100720
48701520
944408304
590903040
300639240
719828801
540375000
512182248
540350841
248976000
142013088
206908416
377602560
556303680
513618840
688370561
485398620
578707200
741243384
260509408
906583104
507346560
755645616
531052261
925048307
523465200
155151360
18021788
969847200
484176000
298190612
673495269
698967360
760665600
533687364
130552200
298439232
574507584
885764334
546312737
280234800
846794088
209664000
