100
1
1
1
0
1
-1
2
-876 875
2
-497 497
2
-382 567
3
-1 -1 3
3
-3 1 1
3
54 -29 -25
85
-237 -977 -39 46 142 675 950 -994 107 620 326 -10 -756 142 -193 -605 -180 -44 -221 251 -478 -206 -272 996 -908 84 442 -184 700 245 105 939 -699 -233 -202 -30 91 645 599 42 149 953 455 798 -136 -598 333 555 -623 -422 -252 -87 -664 205 -293 935 -408 280 369 -343 93 -795 -758 -865 -757 136 -342 -527 208 -290 377 384 -710 -982 -248 697 367 -767 -382 -83 -397 679 -776 -515 -819
63
-30 -342 -370 -850 -598 118 -531 545 56 320 374 -414 -982 -616 -189 -589 -162 885 -785 -886 -646 -714 151 700 353 -33 -377 -170 554 -205 749 -83 -613 17 291 516 252 -121 262 -671 -513 -153 732 197 203 -478 -754 -627 -764 -538 889 -871 -942 -25 -130 -757 -797 -343 777 -681 -37 -42 -873
51
478 -622 710 -811 133 38 -659 69 205 302 -850 -523 79 -89 242 -569 -958 629 -280 -28 645 -179 -586 -562 -61 556 -599 -797 511 -165 398 -477 164 406 486 -339 -653 -806 237 709 990 897 -702 -330 258 490 762 244 -52 -484 -772
26
-299 -133 389 226 -930 -506 130 -133 -467 998 -257 -435 -965 332 604 -724 350 -958 873 -876 -383 -628 221 -435 -212 -671
68
414 -623 401 -786 985 -55 -23 -910 665 -14 -276 -318 -922 590 192 49 -346 -895 732 844 -79 -676 456 -210 116 246 402 -619 801 353 -659 20 110 501 -271 418 -31 42 180 -12 172 -417 562 -851 -453 -86 -700 -995 629 74 -196 -302 201 251 75 878 905 -703 484 202 671 -30 -506 544 -819 -263 -357 -309
39
934 502 -300 -734 -595 -458 794 980 -643 -196 715 7 84 -859 794 122 -514 -604 603 -880 -155 -650 102 -568 -812 525 -636 -217 769 4 -340 -598 -345 -693 -528 818 -723 -935 -670
82
-161 -253 -207 -145 986 -994 -201 277 827 362 -263 -695 497 -139 -957 113 -216 -851 -73 -513 -950 922 894 -47 -340 135 158 -215 -563 -446 -273 386 -709 -801 -30 -839 90 109 -152 -479 -914 -559 -415 -101 781 408 572 817 -43 780 -474 911 819 -226 566 -419 -358 -965 -304 -536 -827 -906 -511 268 -894 218 -800 697 435 -119 -550 -842 170 228 714 739 -970 -185 -650 -471 31 735
34
-176 602 741 -372 912 858 414 -911 231 -41 -405 -547 545 -912 -691 -740 392 -459 -749 911 -379 -360 521 180 -952 768 737 -789 -574 650 -47 938 -217 -774
91
468 978 946 -639 883 785 -913 -567 -923 257 895 398 -147 -798 673 -79 -757 -350 -206 -88 -740 -60 -411 -442 -313 681 -530 -795 308 -762 335 356 -920 -349 253 495 140 -106 -196 605 233 285 -14 282 -785 -522 599 139 -411 -19 -765 -121 -319 -600 550 800 -941 768 369 -191 -958 -844 -614 73 -269 574 657 -703 -72 639 -54 376 -506 901 72 598 -783 -164 -151 978 -869 -480 943 372 340 -212 48 13 -106 -728 -871
93
-976 -859 -828 587 123 589 884 -45 -711 -845 -930 -566 931 -172 63 289 967 522 -523 -893 -490 31 847 895 544 -170 213 -819 -914 -805 -355 846 -388 53 -175 441 -937 -326 335 -307 -278 -117 95 537 -604 798 -490 562 913 -715 321 74 -260 -688 900 103 -271 -890 -215 624 400 760 617 56 999 -876 -675 627 630 -628 -594 -384 162 -696 -569 -337 325 602 561 349 -549 -250 760 72 -373 883 649 -116 -303 -929 -498 -607 -494
36
746 -900 57 -417 516 -390 835 -279 314 42 456 189 -383 -337 15 656 398 278 26 278 973 220 -317 159 -694 -51 -663 500 -13 176 -470 164 437 219 701 769
81
859 791 688 412 346 -658 343 454 410 425 -949 194 -873 733 -659 -295 -662 -461 -859 326 920 -142 -471 129 693 -913 -176 -11 972 736 753 -812 862 381 101 19 -707 933 -152 639 -552 463 -889 552 796 422 -611 -479 -779 870 -407 470 -84 517 126 -32 -399 827 -117 299 457 -791 -542 740 -336 421 78 737 -121 -314 808 -96 -854 -222 453 -541 -240 -695 -777 568 417
90
723 -614 643 843 -910 85 892 470 -724 54 21 271 279 -359 -117 -676 -37 275 668 -112 -410 -353 346 -948 536 730 -963 57 860 833 496 -178 -637 -322 -20 -627 -453 -522 792 355 -494 -567 474 -479 195 -321 240 274 -248 -227 -373 -369 -426 67 510 788 726 953 657 -583 900 906 834 223 659 -524 -931 878 940 -43 -834 -527 -60 299 -204 865 399 58 -419 882 29 -377 470 -707 393 -200 377 602 848 943
81
294 402 -766 -118 985 -759 -488 905 84 -475 -983 -584 16 -376 901 -641 -135 -593 -87 -593 -643 397 -212 -512 514 -325 54 -889 -982 244 -320 320 370 -751 -109 944 -789 916 689 414 -86 -633 -764 880 412 -414 -934 635 -399 685 -685 896 -825 407 631 897 -326 -706 -760 -51 -244 -669 768 610 -793 -982 825 453 40 839 157 -949 204 -167 148 -270 866 -356 -94 406 -985
89
785 427 240 993 230 665 -124 109 115 354 519 -347 -632 155 -157 349 628 744 -943 204 -119 -111 941 -415 634 381 -596 -291 2 483 -229 -142 -703 -391 551 400 206 856 -580 -793 -594 665 290 443 -340 452 904 813 -210 -669 -783 -582 -284 -806 -18 -926 -194 -616 417 -401 111 -85 -397 989 799 -193 370 621 42 469 784 -346 -45 -756 -878 -325 780 -719 -801 -719 462 683 255 -209 981 529 -706 -462 391
42
-309 -664 361 -297 175 -402 -791 -837 886 324 -93 773 99 732 -655 134 428 -374 -731 669 832 799 713 498 606 -294 525 -672 -328 489 616 246 -39 -37 -53 14 -572 -329 -63 124 -619 284
49
-856 -867 684 -958 -800 -230 928 25 -652 798 -54 -708 478 -182 -686 -696 -5 -25 -285 592 0 942 841 -672 -108 440 355 -113 -534 902 -684 257 -594 -232 -37 27 789 153 -875 -256 -273 -908 717 888 -394 -530 -295 -544 -516
93
-230 -801 -799 -124 -538 928 -531 774 -923 -30 824 414 710 907 669 972 973 927 871 -185 -266 872 -655 -690 878 -115 -78 589 594 -134 -608 956 967 -524 -902 570 -245 324 687 333 -835 114 -290 -521 -848 -943 662 287 311 655 695 520 -205 50 841 -247 845 631 797 -439 504 243 544 -290 875 494 979 940 889 -43 496 -284 -34 770 -955 -584 170 139 -425 -200 -484 -457 941 343 -66 -937 413 -971 -950 187 -296 554 -556
35
79 498 311 -247 -428 -954 583 -681 581 -932 -537 928 -819 969 52 -302 399 630 308 978 363 968 916 284 783 160 -188 -405 -496 427 95 -217 -956 407 -164
53
951 -358 912 -349 -431 -561 -602 621 427 469 288 -276 -243 -106 336 -468 949 -525 701 625 658 -817 -301 -366 212 151 -514 130 480 459 748 913 926 -791 612 -853 -261 628 891 -62 72 505 497 -530 -750 198 -579 -396 -439 633 4 -19 697
63
409 -919 -725 726 -817 456 3 337 577 393 -46 -500 -110 643 242 -454 553 535 -83 -912 -142 774 -712 -391 300 550 98 -311 349 181 -33 -752 126 -531 352 -411 -37 -832 902 -388 -923 -462 531 -421 -274 -182 806 -934 -888 -363 294 -684 -958 -119 -569 135 -131 316 132 -339 626 431 913
44
-600 350 581 -459 -1000 433 -282 -529 724 -760 -903 366 -315 -106 -46 -625 533 561 595 -458 649 -232 -773 702 929 -421 70 -873 148 -735 815 261 -488 -950 360 154 -454 -258 340 952 -296 -382 439 -329
61
829 -283 -172 -371 -288 292 39 128 964 -449 634 429 376 799 520 208 990 -245 79 -659 937 -378 -308 -886 -10 587 -340 -586 -88 580 -258 -527 -985 844 -697 187 102 473 165 -778 872 438 -368 210 -757 -165 912 137 634 -921 130 737 167 610 -476 156 46 -702 -991 453 861
60
-697 602 -522 517 -944 -414 -645 -146 31 -108 -409 -574 253 252 846 -20 -689 -145 -609 360 459 386 959 -849 -955 -753 -178 -81 -55 -886 -409 496 95 -439 571 564 71 -86 222 -684 666 747 243 394 886 413 118 466 452 936 576 857 951 184 -654 434 -916 768 -149 593
9
385 -998 -354 -84 -575 -825 169 912 -410
30
926 682 -18 -212 896 -771 677 895 606 -917 156 61 -518 440 101 -564 -720 -171 -918 -647 746 -126 -569 -351 -348 165 -810 396 -911 82
25
-37 -545 -558 805 352 -1 278 -102 -954 -53 763 -443 -770 -734 312 -445 174 927 -765 -774 814 175 971 -398 126
39
-120 -918 -242 -635 876 -481 -460 420 726 -631 -956 628 790 -960 115 923 -855 1000 427 315 607 -722 598 294 -54 80 -951 636 814 920 -44 381 280 360 -94 -465 728 -171 654
80
895 -793 287 394 273 930 -554 -4 -225 -781 896 -727 619 -314 -400 -236 708 59 788 -68 -567 -931 970 -555 -192 -375 -201 -656 -929 338 819 -966 -443 160 627 939 462 491 830 -685 377 -614 -766 -708 8 -252 193 -542 283 -712 734 503 -738 901 -806 -651 -332 -370 410 964 -310 897 227 620 738 -191 68 -230 -707 -507 -373 865 -354 -842 341 491 395 355 257 10
44
290 142 510 362 418 -763 330 -129 580 923 698 -429 -97 -233 60 540 -591 -110 601 -611 -202 413 -889 543 -759 858 914 -529 189 -190 -159 26 -843 -106 -574 157 -726 -829 374 -229 -58 -573 -800 260
21
-474 431 -688 319 966 185 -969 -901 -898 159 76 442 -879 0 -401 95 764 937 60 -753 66
57
-341 -234 -83 -385 -891 754 117 188 -288 787 -196 194 319 932 592 -342 -357 -830 -406 -603 -397 -773 -391 546 918 -55 -816 -881 -27 -650 2 -546 195 327 -869 -766 -447 425 992 -353 648 752 623 730 899 110 -196 372 -236 606 899 -349 -384 -220 -111 -839 941
51
49 829 863 381 888 -644 640 -477 -411 864 742 50 45 -443 -595 80 -268 354 137 -886 -795 235 -467 65 776 -168 -970 556 59 -760 669 834 511 391 -157 555 819 423 -861 547 69 482 819 211 -29 92 -705 677 -875 849 -973
52
-719 551 -336 20 -130 88 984 -661 705 422 -814 -412 -345 -200 -544 -928 380 -1 -657 210 739 820 -518 -717 -644 342 453 -792 46 488 -859 731 -771 -647 924 998 345 -545 -883 801 -661 549 767 960 759 990 -407 300 712 767 -868 439
2
256 -480
63
379 -478 190 -783 497 -443 -206 245 276 -755 113 322 -986 7 375 553 -646 135 477 507 54 609 -93 450 83 -164 -154 267 71 221 854 -12 -997 686 -147 -254 -749 389 -295 752 -498 -260 543 -640 984 -495 290 -291 -536 -672 279 531 -17 -703 729 764 966 331 12 332 -526 -905 -926
6
-318 938 175 451 361 -124
9
-17 165 93 -988 -732 -221 549 777 -63
33
-631 -364 450 961 -538 486 -806 -394 -526 -427 -133 821 610 493 231 549 147 -877 -775 170 508 729 158 516 645 -707 -769 -16 227 423 -984 -364 559
81
-336 -365 -446 -384 588 96 -818 620 197 -509 749 -329 809 -882 163 263 319 818 -113 320 -583 -870 657 100 -791 377 268 -722 899 -224 719 -510 924 -356 839 983 -639 947 -854 613 730 -934 -855 -529 429 483 521 -398 952 258 763 960 -246 725 650 -427 -816 -440 -313 149 258 563 155 844 203 879 675 793 690 160 425 117 -547 208 990 -411 618 8 662 950 442
88
-450 903 -556 479 -761 258 900 99 -55 385 -448 541 -881 171 -936 -761 291 14 186 801 -471 -975 -70 44 -581 -398 -847 532 641 -232 -185 -83 -644 306 -21 861 479 579 107 -843 587 174 579 767 -223 991 -470 900 -943 286 78 -930 -989 -707 789 54 428 507 867 63 345 -474 -68 171 -489 397 -501 947 -307 826 -689 -372 -599 -670 531 -252 662 435 -548 -939 -735 342 -102 877 554 160 -283 455
64
759 951 -25 -801 552 102 806 -416 -859 722 246 -182 -377 -989 -228 -932 587 551 900 -354 -633 378 -782 -602 919 -342 909 555 -118 -37 -917 -676 815 766 -295 387 -612 -796 463 -82 -594 -626 -982 237 916 -553 -652 311 -612 795 482 -601 974 -77 917 -88 180 -464 205 218 -38 -679 783 567
59
148 -48 -444 645 -692 152 649 -374 -873 -897 120 -556 843 255 -460 176 -19 55 -647 -126 639 7 -496 -374 53 233 140 -126 -370 -713 399 930 215 373 38 -648 -210 762 -769 973 -974 -765 264 725 152 -341 -989 -814 -549 -579 164 -275 -619 -585 -104 513 758 -546 -601
65
767 -394 86 -220 672 -220 554 -184 -47 -934 471 -986 -581 872 -577 -476 298 -368 -526 -264 -273 78 676 -682 -817 395 -898 766 -593 399 -860 825 -859 909 -354 604 -383 838 -566 968 148 239 -962 -110 392 511 -844 844 -76 -714 -681 17 -438 -842 -620 -811 -384 287 -788 400 -349 -761 667 234 690
46
257 -519 -146 -739 -674 222 -611 857 505 969 701 516 -843 -607 -368 -590 231 -616 -493 -118 385 719 -332 785 658 -568 -792 -138 25 -828 366 749 -852 241 -309 -487 412 -173 -523 414 862 18 -800 439 -901 -428
87
-400 -662 -849 -43 504 -128 -262 -893 688 997 298 553 440 -906 -593 143 -612 -991 501 251 -999 115 -280 -384 -667 549 871 778 841 965 -52 477 -104 -136 -125 -285 -243 -937 628 353 -835 182 769 93 501 -825 -452 -502 486 -115 208 -720 774 -681 881 -468 -529 978 -410 784 -387 -110 233 -180 919 277 -849 -954 806 -318 928 843 -485 339 -635 -146 506 -927 -720 414 781 -422 680 -549 718 -921 -818
5
-869 -443 -864 -36 803
26
765 -352 502 -63 -94 -768 -314 -84 436 -94 -576 44 -723 -340 -81 -305 88 871 985 549 145 -829 -743 -168 -252 432
79
-777 531 -109 -69 -246 481 -470 829 -746 -818 633 259 880 814 128 -275 -906 778 -185 -223 -875 485 838 161 -685 -213 -110 -448 -890 -196 556 16 456 526 896 -178 -736 -595 962 64 333 -564 -762 -347 -421 -311 -777 -341 -211 136 286 -234 225 -255 770 611 355 281 -98 189 -242 32 474 163 -188 -234 501 916 154 -383 -895 493 123 324 -273 217 373 -740 402
82
699 -960 381 -210 712 127 603 -740 503 838 661 386 642 422 816 -803 950 -543 347 97 -613 737 -958 -848 70 997 -976 -39 938 -600 -762 491 945 509 936 46 -248 -395 -755 -459 -144 744 -424 -315 -139 628 -54 297 148 535 -368 18 605 -99 508 966 269 886 356 -493 727 -744 -955 248 976 -696 990 -408 -952 -902 573 -222 -832 -597 -672 151 465 820 589 -356 339 -679
2
916 467
63
-859 382 111 -1000 -193 -462 -64 -641 735 -625 -162 856 974 -572 426 196 -77 76 -245 876 -328 -933 663 -962 942 937 -369 -298 -841 940 -515 -136 228 -497 -566 -285 -623 741 968 224 -804 -449 957 670 387 57 -79 -611 -909 -303 -109 922 -257 139 537 -953 298 394 332 -213 -554 968 -633
17
945 728 177 -939 540 257 390 -550 159 917 405 249 -20 -435 370 800 -180
98
-287 542 864 -819 -740 689 -835 272 478 -925 -377 -64 851 -380 -900 -124 524 -483 294 627 -598 -668 -437 842 -314 -493 438 192 493 -596 -201 -411 620 16 -150 322 800 732 -113 868 -145 124 -371 656 38 643 386 -164 -440 -701 -275 -759 798 959 -569 -820 -997 -314 -441 -599 490 768 -847 -337 -831 -554 821 699 139 232 -244 -968 529 711 44 138 -757 181 114 686 421 158 -939 284 427 814 235 32 -961 768 -59 -546 120 -731 -557 937 -516 -201
26
-345 -14 383 638 -821 -134 505 -976 412 321 -611 -537 338 -62 -341 -772 -819 -843 -113 -238 3 -773 -603 -845 -516 -707
92
-846 756 147 443 34 439 -14 869 -911 797 64 229 -268 -145 510 766 224 -331 798 -16 -94 -448 -660 -730 492 964 532 -707 438 64 -839 150 -306 437 -395 -809 277 397 436 717 977 454 169 -674 269 -994 768 632 44 160 182 -784 87 648 -227 267 -540 -691 718 164 -137 282 -302 417 -117 154 68 847 -381 -323 497 -346 595 311 612 127 104 896 610 114 168 21 929 -868 -868 -693 -841 992 626 -280 133 -871
52
-688 -206 -442 953 320 -90 235 -718 419 907 -40 289 -868 224 516 -990 -139 -553 615 -315 839 -828 -504 328 400 74 -527 -253 -580 -24 628 239 490 -157 954 36 -529 568 -250 -869 458 -807 817 569 -207 -233 -908 492 875 427 -200 273
85
503 845 942 -227 -575 -737 -256 940 -923 841 -817 -122 827 670 166 658 -56 -603 975 -484 -612 -834 734 -710 -41 846 -282 -638 766 70 -560 -170 610 -218 778 -299 -581 -468 571 -631 -826 602 119 -653 -95 -813 764 320 305 -669 379 -94 237 -937 -14 -748 -3 -687 -45 -472 588 -456 273 737 436 774 -764 832 -979 -319 -415 126 682 820 554 141 505 -367 640 -320 682 897 969 -278 -86
27
-946 948 586 -751 -502 -825 269 -466 -324 828 -171 431 872 632 -80 438 416 -791 972 389 425 950 908 500 -520 623 -227
59
-765 543 -765 897 312 798 -541 -209 -901 -973 268 525 -881 -440 -314 306 -559 338 986 -535 334 -37 -851 605 785 488 -666 885 -151 83 -659 1 -152 -377 -628 -316 392 383 -590 126 -97 553 -535 656 -119 68 611 182 473 401 -759 -538 119 333 -675 86 980 559 -463
61
-324 929 117 556 -547 595 61 -73 -687 955 811 -344 -121 286 5 694 792 -701 60 -136 310 432 -682 769 430 628 392 185 332 -368 884 461 -746 -656 196 352 986 665 321 -957 95 444 643 662 748 649 631 -486 480 650 -6 -529 -321 -345 -577 469 676 -222 299 905 321
96
951 899 732 722 -57 -194 473 308 -339 184 877 972 21 -526 -581 -724 518 82 114 -903 -970 227 -262 -150 -201 -6 382 99 833 -683 -733 925 604 -694 109 37 -613 -730 344 -530 -202 -914 -464 859 217 136 -81 835 -377 -74 648 840 -911 -253 640 801 -311 -774 -940 546 883 479 -488 556 -407 -293 -271 740 129 -426 -764 260 868 -572 813 -864 -813 567 -178 -655 -490 120 565 -576 548 -164 580 240 799 -897 581 475 227 842 -902 662
82
595 -725 137 -265 -931 301 150 137 682 -79 554 596 -765 -813 -994 698 761 120 390 -111 777 -637 304 -741 719 35 -94 -200 177 -46 119 7 -338 -737 -722 643 -836 5 -328 -784 467 676 -911 -658 317 -17 -482 489 947 88 394 -148 115 455 471 91 931 -890 280 471 -14 574 404 626 -968 -964 -660 -445 372 -551 615 -225 -599 105 -39 -414 -632 24 -99 -684 -746 -997
93
83 -38 -464 -987 163 460 -41 -281 321 418 -801 663 -355 983 -742 511 -652 844 165 723 -248 462 -427 135 -728 -515 -601 820 -426 721 910 70 285 775 -435 947 -338 497 -438 784 414 -316 -498 -716 538 177 910 -627 -534 -584 422 890 70 829 400 -667 -846 -25 -592 -595 961 318 -404 -119 -131 -346 330 469 51 -196 607 740 -924 -21 765 -26 -316 393 777 795 823 -849 41 861 -154 246 -23 -450 324 -480 -13 580 312
97
-652 782 104 -869 505 -83 531 320 847 309 670 -110 562 323 -537 -252 -546 306 -796 -625 -307 -577 108 -127 392 -946 234 -157 -357 874 -55 -146 189 -441 766 462 213 -791 -992 -740 978 935 870 -685 -58 883 -164 434 -168 990 -833 219 713 -887 6 -365 -461 906 -779 -127 -111 751 489 -270 -375 -564 -709 -586 75 -205 -447 -275 -997 543 435 884 -890 738 438 939 92 864 439 -338 -601 -597 -477 82 750 -44 -461 415 169 -567 229 67 889
85
425 565 771 -904 367 -198 -893 -205 -511 -136 -390 -425 -839 779 -798 767 820 -927 -175 406 691 738 901 369 876 -691 -707 219 942 -799 -319 -168 371 84 -907 -538 240 166 -981 855 294 588 -996 260 -750 -272 912 742 -421 -751 -856 -933 -700 955 -960 -378 383 -896 -630 306 231 777 -578 -841 -556 -971 510 -386 -483 186 -115 645 522 -639 54 -97 882 -457 243 921 -636 958 -602 -133 -881
14
-493 -977 -801 -781 238 -886 371 720 988 971 -782 -862 210 589
29
527 636 606 -964 -118 404 -559 -742 196 487 914 592 -24 -179 15 599 -747 -458 713 -520 610 395 -890 -362 728 956 161 180 -883
84
191 724 255 858 959 163 -844 766 -300 -809 598 698 -315 352 637 -354 -853 88 -133 -581 -821 -83 936 431 -874 154 237 354 -634 -125 -568 -283 -62 783 441 163 -540 467 -88 -408 -26 196 -168 -314 -52 -191 -137 -586 -476 -447 315 -947 -734 -232 223 962 184 220 908 -99 594 -440 -399 -944 509 -68 260 53 669 29 -481 267 -909 71 882 514 -959 102 -285 781 727 780 -602 -874
85
-620 -962 -944 -185 -843 -399 -251 -638 -644 -17 -638 -313 236 -399 293 -301 220 -598 782 996 992 855 -514 320 745 427 820 858 95 -634 706 -984 -784 -856 -825 889 643 -144 -267 -668 -105 73 -186 814 -413 166 -219 485 -24 958 -82 809 98 -285 -350 -965 525 -52 833 231 -424 275 -640 -764 -622 675 594 925 548 -130 109 -556 472 -712 162 -269 173 -926 -87 534 573 -30 -69 -593 579
26
785 723 906 -13 -347 -421 763 835 -219 -293 -364 -206 -660 -75 -722 976 801 -452 -308 262 -724 232 -560 969 457 197
96
-472 -270 498 -738 109 -104 85 -73 551 -543 742 872 -233 903 700 -50 869 624 693 608 622 -855 547 629 634 213 5 -445 613 -84 417 -748 -562 557 183 706 -592 212 378 604 985 66 -133 -491 -341 -481 -602 -503 -874 -232 -350 -980 -152 137 -979 466 -659 -239 -919 -633 3 404 997 -429 146 175 -962 -223 83 677 -704 -173 -486 -246 -891 -115 -686 405 -587 198 -170 -357 167 -455 -732 -833 373 652 -589 506 786 873 -36 -989 -646 255
8
-456 683 751 805 -57 -646 -232 -710
78
825 524 608 932 786 740 -61 597 380 95 -456 -725 453 -449 -753 -617 -819 176 259 -325 -214 -586 -98 5 852 890 -28 870 775 -230 920 70 267 -525 -163 193 505 -899 275 882 -486 306 367 887 -299 -408 426 737 -986 956 188 -455 -779 654 -738 961 968 536 -62 -488 874 759 -481 -226 791 -966 -418 616 -492 -418 189 -405 710 873 -64 61 -221 920
50
-128 168 423 -306 -142 -512 -651 -627 57 214 -303 -258 619 -60 135 245 -179 -459 948 -949 86 202 326 729 106 338 -612 936 -768 703 -459 -788 -882 602 -212 967 -698 70 -584 98 -132 106 -864 334 -376 -373 -821 343 352 -343
57
940 565 463 -658 303 -14 -174 682 -987 460 482 -15 943 381 -193 -778 544 -109 -636 593 -67 -929 -433 -42 305 -857 -166 951 -318 -701 966 871 781 -794 149 -962 848 -559 -17 -345 -238 -837 -751 442 -655 197 746 -681 -83 -673 446 211 -581 137 495 -305 115
49
88 687 -198 698 -822 -439 799 -18 115 -759 492 246 -184 621 192 376 -98 421 212 -702 304 -940 634 -124 -678 -529 -934 -499 -163 901 823 552 -565 706 -552 -513 -408 -111 265 -208 -286 721 724 -826 -145 -857 717 -518 -772
96
-247 660 237 276 -97 -268 -303 222 -240 257 163 233 -686 -979 821 -194 617 820 -717 567 352 -908 815 -781 59 -70 -21 372 -374 -537 -448 974 -114 64 619 609 697 890 230 231 -316 -674 739 43 30 -346 -26 -834 -905 -132 -194 -466 -519 -991 305 -24 203 -423 -269 -118 67 644 857 -998 29 -850 -218 976 352 -489 291 964 -268 -851 -909 465 -807 -120 797 746 -497 132 390 677 -818 959 -894 751 718 -526 -856 -990 -477 935 -571 270
20
980 776 -467 -323 796 229 -143 -571 -137 -907 0 -460 -225 -758 184 831 243 -365 -964 446
89
-320 -650 193 708 68 699 -210 574 990 -877 -255 81 305 138 559 352 122 -908 -658 -19 -478 608 -453 54 -294 203 483 -728 -286 526 575 -716 41 -347 -97 17 -19 -178 -543 -624 327 -366 764 -981 181 -689 54 60 -954 879 -3 -420 -860 -705 -841 566 -94 507 820 539 -936 139 538 -481 263 137 -20 231 322 36 884 475 -565 739 -236 -557 -733 -300 -993 449 829 -783 -702 -24 268 200 21 -712 270
60
196 -88 -412 668 825 238 -510 901 78 -799 -693 -891 -323 564 147 -102 20 -353 -71 41 -857 -441 308 187 441 -90 851 -821 200 -182 -182 598 504 624 349 -90 -200 98 -550 -807 539 -771 -745 763 677 645 -732 -760 -449 624 977 -376 678 316 100 713 328 227 -968 904
22
-628 551 806 -788 569 -232 388 555 259 459 -563 57 1000 408 -991 424 -732 213 217 413 625 -883
13
417 397 -150 -155 489 -940 233 437 791 -726 331 -559 -88
56
323 -445 261 -494 -69 -246 -154 12 -748 988 148 283 -861 748 488 214 900 717 362 599 -3 534 489 -490 715 -673 -972 -46 270 -875 -651 417 -254 515 26 -130 -606 990 308 -486 -657 305 -762 -928 -417 876 -225 -174 -838 733 813 -289 31 -98 -146 -172
33
199 -807 440 611 -640 975 203 719 -771 -757 741 -7 239 193 -69 629 870 -769 -692 -408 917 -817 -178 -22 -568 -28 -116 -745 25 480 96 -274 -168
46
353 -885 -64 979 -896 -932 234 450 -509 503 876 270 798 -734 -765 279 185 -639 108 -179 -952 106 -689 48 494 45 -799 -450 -590 154 760 -890 401 -54 826 834 -554 471 851 676 598 -162 -930 -506 -808 -51
22
135 171 -631 -241 789 -111 936 696 -143 518 -394 -265 954 -438 302 -653 238 -630 -945 589 338 563
33
-101 -700 -747 62 824 -334 665 729 310 -370 -753 -990 905 -535 -172 934 -298 -69 -602 236 201 -802 -781 -260 386 -1000 -373 65 -730 -846 -402 36 912
71
-507 -104 -516 607 669 334 -627 650 -341 -269 451 305 -501 594 706 114 416 82 230 -169 607 816 180 586 -897 654 -198 852 819 48 -156 -370 809 730 -220 -185 499 -4 -879 615 -848 665 -172 127 -751 -118 -702 -327 553 405 -223 348 691 -276 131 -608 -204 -558 -99 -557 -586 -297 -709 -483 -730 -868 340 639 -288 -227 -117
24
722 767 143 -97 190 185 -245 -103 872 -667 903 -386 859 86 831 -742 758 -622 473 434 -191 -141 -803 -623
8
-140 723 941 -929 -635 -843 -890 853
