100
1 01
011101000011110110101001110010110111111001111100100000110101010101100001010110000110111000001 011101000011111110101001110010110111111001111100100000110101010101100101010110000110111000001
000001111001001110101001110001010011111010011000010100010101010011100101110111000111100110001000111101 000001111001001110101001110001010011111010011000010100010101010010100101110111000111100110001000111101
11000000000100010100000001010100111111010000111100100111111000110010110000000010010011011111111000001010100 11000000000100010100000001010100111111010000111100100111111000110010110000000010010011011111111000001010100
00101100001010000000011000010101111111001110 00101100001010000000011000010101111111001110
001010101011011001000010100011101011100 001010101011011001000010100011101011100
011111010000010001010110011001101100111100001000001101110001111010000110111 011111010000010001010110011001100100111100001000001101110001111010000110111
11110101110000011111110000010001011 11110101110000011111110000010001011
1110110110001000111000010010010011111010011101100101110 1110110111001000111000010010010011111010011101100101110
0011000101100100000110110000011100110101010101101110101010101111101010101101111101100110101001011110110010110 0011000101100100000110110000011100110101010101101110101010101111101010101101111101100110101001011110110010110
111100010 111100010
11010110101011000100001100101110110011001101101101010000011101001111001100010101111 11010110101011000100001100101110110011001101101101010000011101001111001100010101111
011100000100000101010011011011001011001001110011110110101 011100000100000101010011011011001011001001110011110110101
101010001110110001011001110101100001111101001000101110010110111001101 001010001110110001011001110101100001111101001000100110010110111001101
01111100 01111100
0100101111100011101000111 0100101111100011101000111
001110101 001110101
100001100111001011010110001 100001100111001011010110011
1001000001010101111010110010001100100100111100011110001011110101110001101001111101100010 1001000001010101111010110010001100100100111100011110001011110101110001101001111101100010
01111010000101111010110100100011000001000011111011010010011011100000 01111010000101111010110100100011000001000011111011010010011011100000
111101010110001101010110001110010111000111101010000111010110001101 111101010110001101010110001110010111000111101010000111010110001101
0101000010111011 0101000010111011
1100001001110011111000001110101001110000101111001111010101110110001010001000110000101011010011111101000011 1100001001110011111000001110001001110000101111001111010101110110001010001000110000101011010011111101000011
0100000100001100000001 0100000100001100000001
00001101011110 00001101011110
10010110110100101000 10010110110100101000
001010100010110111111100110111111001100010011101011111011000101 001010100010010111111100110111111001100010011101011111011000101
010010110 010010110
100111010 100111010
1010101000110011 1010101000110011
011 011
10100010010011011101111111001010100110011011 10100010010011011101111111101010100110011011
111101101010111011010011100111011010001100010110001100010001000101100101111001111110110111101000001000110 111101101010111011010011100111011010001100010110001100010001000101100101111001111110110111101000001000110
0010111001111001110010101011010000101011100111000011010110101101000011100111101000001001 0010111001111001110010101011010000101011100111000011010110101101000011100011101000001001
1100101110011100100011010001010110110111100111011101010101001101101100111110001111 1100101110011100100011010001010110110111100111011101000101001101101100111110001011
100010111 100010111
1101111001001101100111011001110001100011100110010000100101010110100111101111000100 1101111001001101100111011001110001100011100110010000100101010110100111101111000100
101000110110011 101000110110011
00101110011010110001111000110100010101100011110101111001001110110010101000000 00101110011010110001111000100100010001100011110101111001001110110010101000000
0 0
10010111001001010000010111010100011010010111101010101101011100101100111110000101100000101010010010111111111 10010111001001010000010111010100011010010111101010101101011000101100111110000101100000101010010010111111111
110110101111011100101110110111011011010010001010 110110101111011100101110110111011011010010001010
010101011111101100001101011001000100100100011010010100001111000101100011101110010011010001011001101000111 010101011111101100001101011001000100100100011010010100001111000101100011101110010011010001011001001000111
01100111110011110100101001000010001111011011010001000011110100001101100111011010 01100111110011110100101001000010001111011011010001000011110100001101100111011010
10000000010000001100010111100100110011001101001110101010101111101000100011100101011010010001111011 10010000010000001100010111110100100011001101001110101010101111101000100011100101011010010001111011
001100010100001010110001110111111011100011110011100110101 001100010100001010110001110111111011100011110011100110101
110110110 110110110
01010100111001111011011111001110011111000001111000000110111110101100000111 01010100111001111011011111001110011111000001111000000110111110101100000111
00011100100100110001000001000011110111101010110010101100010011011101 00011100100100110001000001000011110111101010110010101100010011011101
111101100110000110000010101011100011001111000110100000100010000110111101100010 111101100110000110000010101011100011001111000110100000100010000110110101100010
1011110110000011011100101100010011111100011100101111000010000111010110100100011110001 1011110110000011011100101100010011111100011100101111000011000111010110100100011110001
111101101111101111110001111000101 111101101111101111110001111000101
0011010110011010001100101110010010010101011100100001001100111111010001010100011110001011100101111110001011 0011010110011010001100101110010000010101011100100001001100110111000011010100011110001011100101111100001011
111010111000101010111 111010111000101010111
01011101010100101101110010010011011001001101100000100001000111000010000110000001100010111100000111010010010000 01011101010100101101110010010011011001001101100000100001000111000010000110000001100010111100000111010010010000
0110111001000010110111001 0100111001000010110111001
1011100011010111101000000010010011100011011011010100000110110110001110 1011100011010111101000000010010011100011011011010100000110110110001110
000110011101 000110011101
11011011 11011011
0000011011000001010110 0000011011000001010110
10110000011000011011000100000010110000100100000010111010100001101100010 10110000011000011011000100000000110000100100000010111010100001101100010
101000000000010100111100000001010101000010110100101111011011101010010110010101000100110011010011 101000000000010100111100000001010101000010110100101111011011101010010110000101000100110011010011
01000110010100001101011100100100001111011001011011010000011101011011011101101011 01000110010100001101011100100100101111011001011011010000011101011011011101100011
10111010110100000111 10111010111100000111
011110111101001111101111001110010110000011100010100001111101001100001110 011110111101001111101111001110010110000011100010100001111101001100001110
0110100011100110111100 0110100011100110111100
100001100101000110100110001111110011000010111101101011001000100001101001100111000101111110 100001100101000110100110001111110011000010111101101011001000100001101001100111000101111110
1010010001010110000011000111010011100010111010010111010111011001101011011100111011 1010010001010110000011000111010011100010111010010111010111011001101011011100111011
0010111110101100100011011010011011011110011111111101010111111000001001001000101100011000110 0010111110101100100011011010011011011110011111111101010111111000001001000000101100011000110
101000110110010110110001000001000010110000001011 101000110110010110110001000001000010110001001011
0110111011100011001011100100010001100110001110111001101110110101110011010000010001100010100011101111 0110111011100011001011100100010001100110001110111001101110110101110011010000010000100010100011101111
1001101100110110001111000000010011001110101110010001100100000100000101100011100 1001101100110110001111000000010011001110101110010001100100000100000101100011100
11101011010000011001100111010110010110011101101010000101011001010 10101011010000011001100111010110010110011111101010000101011001010
0110000110111101101011111011101110000110001000110000001011101110000011011011110010000010111000 0110000110111101101011111011101110000110001000110000001011101110000011011011110010000010111000
0111110011 0111110011
01100001010001110001101111001110000100000011111100110101 01100001010001110001101111001100000100000011111100110101
0011110000110010111110010011 0011110000110010111110010011
1001001110100000100100101011101110001101010000101110101100011111001110011010000001001010011000010010100 1001001110100000100100101011101110001101010000001110101000011111001110011010000001001010011000010010100
01111110011000010101001011001101101010010000001110100000000111101111100001010101111010010000100011011110011010 01111110011000010101001011001101101010010000001110100000000111101111101001010101111010010000100011011110011010
100011101001101101 100011101001101101
11100001 11100011
0010011111111010000010101110 0010011110111000000010101110
0110101100001001110101001100011110100001111000000111110000001110010101001001111111111010010100010110 0110101100001001110101001100011110100001111000000111110000001110010100001001111111111010010100010110
0100100011010011101010111010011000011100001111101011000001000010000010010001 0100100010010011001010111010011000011100001111101011000001000010000010010001
0000111110000100111101101110000101110101110110010001001011000101001100101111001101110001 0000111110000100111101101110000101110101110110010001001011000101001100101111001101110001
101110110001111010010110000010111011111001001110101011101010011101110010 101010110001111010010110000000111011111001001110101011101010011101110010
1000010110101000110010111101111100000010011001011100100010011011100010101011010111000111001000000011010 1000010110101000110010111101111100000010011001011100100010011011100010101011010111000111001000000011010
110 110
00100101000111101010001101101011000011110001000000110111000100010101111011000000000111 00100101000111101010001101101011000011110001000000110111000100010101111011000000000111
01110001001001000101 01110001001000000101
1101101100111100101000 1101101100111100101000
110010110101000000101111110111111111100000011100101111010100110001011001101101010110010 110010110101000000101111010111111111100000011100101111010100110001011001101101010110010
00100100100010011011000100110001111 00100100100010011011000100110001111
0001010000001100001000111011011110100001000111010011100 0001010000001100001000111011011110100001000111010011100
00101110010000110111001001010011001010101111110011100110000011101101101010011100000001011001011110000100011000 00101110010000110111001001000011001010101111110001100110000011101101101010011100001001011001011110000100001000
0010101000101011101011000101101101011000000001001110010100010101101000011110011011101010011101000 0000101000101011101010000101101101011000000001001110010100010101101000011110011001101010011101000
001000010100110100001001000100111101100010000010001000000100100 001000010100111100001001000100011101100010000010001000000100100
0111110100010110011110101100101011101011011001110 0111110100010110011110101100101011101011011001110
101001111011100111100001110111000001110000010010010010101110010100001010100001010100010 101001111011100101100001110111000001110000010010110010101110010100001010100001010100010
010010001111 000010001111
