100
1 1
1000000000 3
4739 4738
5000 4999
999999987 1
999995027 5000
636999046 2321
106394296 3990
335994386 3522
137985578 2192
794863759 1223
248521339 4984
977226666 839
529173555 750
110725930 2173
83358142 276
862820983 302
960100999 2283
694759159 682
151339400 912
958452616 3469
433218487 4432
51965246 3818
348044122 3204
481540245 1844
421405315 1271
991576312 2985
788080448 4997
18686038 1772
760693534 3851
601947279 4366
516687986 2768
538684808 2784
2037366 2533
13595541 1430
354213491 4266
148758189 4415
632284432 1422
923043687 133
408616393 2648
691670107 2772
824504596 1507
100121883 3722
41160410 4318
531379932 4359
627833248 318
351385778 283
320447352 3931
124889375 938
756984931 2193
662306604 2418
249949514 1258
227939660 444
391593470 4493
490889247 4709
304196879 883
832214802 219
645535180 1325
435375008 858
58775304 1929
181707736 89
616391259 2634
748685004 3643
949291992 1271
465905079 4052
175205417 2721
422260469 2095
444464588 4951
37447101 598
906693294 3536
811956450 1521
168489883 3737
251919068 2929
860059785 4315
28644715 3302
757848772 55
277430081 1592
20580479 405
566182759 2567
487703320 4722
471635832 3314
662103511 353
889404332 3175
953042441 3219
173861449 1037
990628127 1585
954788624 630
339732378 2437
9980733 1430
739116129 1274
886463581 4821
70628137 110
57707856 2405
623692391 210
280200129 751
861902337 397
469958062 4397
821390984 3766
858053392 1630
474747464 316
