100
1 1 0 0 10 10
1 1 10 12 0 2
1 1 0 0 10 0
1 1 10 1 0 1
1 1 0 0 0 10
1 1 1 10 1 0
10 10 100 100 100 100
10 10 110 100 150 100
10 10 100 100 100 100
10 10 150 100 110 100
1 1 0 2 0 2
1 1 0 0 10000 9999
10 10 0 0 1 3
10 10 3 2 1 2
1 1 5 5 5 5
100 100 0 0 0 0
1 1 0 2 0 2
1 1 0 0 3 3
90 57 8701 3245 6423 2181
77 63 867 6580 1492 9736
99 20 1520 8406 5976 5380
7 11 3204 7210 5375 5495
96 98 2232 4375 5399 7535
39 80 7767 1547 4924 7901
90 51 3889 9737 2054 9695
95 43 5780 3854 2187 694
86 96 8088 393 2437 6499
21 71 5434 5010 5559 1099
58 55 8208 3924 228 1023
18 35 7882 3546 4824 5114
45 89 9662 191 915 3357
86 22 1386 8931 2709 1381
39 45 8495 4171 9419 5357
66 70 9257 2839 8379 7311
60 76 2354 6672 5998 9526
37 48 1068 877 6935 8104
54 48 6418 1551 3826 3055
60 74 8253 1226 2590 3350
51 53 6294 5725 9570 9636
91 34 3342 4257 9733 9663
10 50 7772 2419 7451 4060
46 26 8931 7991 6731 615
3 18 6342 8265 2733 9634
7 65 937 7964 4892 9733
80 98 9074 5983 7879 7419
52 91 9645 8270 7602 6503
94 47 9079 4818 2734 3124
61 6 7883 614 3049 4178
28 55 4131 4715 8409 9030
22 98 4875 6304 7203 6516
65 39 2494 1797 8676 5355
5 55 8738 3191 3297 4451
44 29 274 3289 7845 3456
95 51 8924 9874 314 3207
69 42 9603 8095 4088 3782
38 100 4323 8870 8527 3630
25 18 7001 3047 8389 7858
46 48 6752 5676 8825 2362
73 99 435 1084 4887 7237
72 96 25 625 7254 9252
48 90 571 4355 92 4099
12 49 7465 4782 100 4139
24 54 709 5645 8110 3755
85 45 2446 4355 7464 4316
21 10 9147 4927 7422 3867
35 97 3263 7013 7399 3861
68 26 301 6756 6647 4817
7 36 9346 396 4503 6339
82 64 155 252 4552 1348
29 25 34 6636 2505 3301
90 67 7714 2405 9396 1208
4 83 9001 251 3185 6770
76 42 7604 3690 7457 819
58 5 9099 837 24 7092
40 32 1953 6452 1246 6741
52 72 1694 6279 6312 8847
39 7 9957 2960 3385 5308
17 16 2460 9818 4670 4161
5 67 1354 9750 4914 7287
40 69 2295 9607 147 7719
27 76 2338 8867 9359 1027
19 16 3586 8176 2017 5648
56 21 9068 7963 2780 1224
12 51 7898 4565 3406 3923
100 35 1942 776 5900 7234
30 28 7936 4855 580 3439
99 23 5150 3928 6444 2928
88 19 5941 5055 4722 579
99 33 6346 5816 2194 7244
63 87 2876 8406 5062 4985
65 35 6423 1101 6488 7123
52 15 5848 2078 9317 2010
39 2 7155 8263 9817 3161
85 89 8622 6384 6272 7189
21 58 9663 3793 2300 9566
53 82 4312 5694 7959 7507
48 1 1166 9459 4463 6583
71 58 2084 6401 4148 7273
29 56 2191 9228 4959 6841
57 34 728 5311 5888 9522
73 55 2829 2977 7114 3695
52 36 3719 8642 6970 7602
93 52 8516 4711 5526 5629
24 39 5917 6986 8505 3085
35 31 1849 1557 8791 2356
3 36 1819 460 9080 9507
26 59 7704 5438 1054 1135
9 97 4834 2381 8915 9562
100 28 9215 9314 5066 747
71 75 9044 8261 6389 8404
14 33 6997 9273 6208 6732
97 60 5887 7482 6534 7480
1 85 9754 2084 3501 7672
80 30 6773 5183 5674 7951
54 93 1035 9066 7612 7824
47 95 636 5747 4393 1589
94 92 2341 8066 8568 9256
93 25 8423 9237 446 7722
3 82 9605 1041 6992 7054
38 100 5490 7942 7123 6664
61 72 4740 5340 9520 5196
28 67 6918 4779 1808 7179
88 72 2269 4990 3255 8736
41 99 2594 5639 1153 2368
51 58 6757 9184 6535 1588
44 91 4185 111 7355 4582
43 26 4437 4965 1191 3710
7 80 4066 5071 7513 1171
40 84 3553 893 8303 1674
35 60 9234 2175 3125 668
82 3 19 98 393 8473
85 79 4800 2238 257 8403
85 70 6916 8512 4543 682
60 20 6213 6309 6338 7279
7 89 3762 7833 6693 2287
57 36 5233 6126 1331 8656
8 38 8065 1358 240 1741
47 89 2721 2056 2854 1331
21 72 1406 733 6048 2274
13 73 9601 7349 7037 2518
33 97 7577 4179 4311 9493
19 89 8958 8875 2769 4218
65 7 2723 1318 6109 6494
13 82 4674 8037 7699 2519
71 53 8228 9753 2833 9970
91 85 7277 9956 6697 9007
68 46 1101 3324 4926 7053
89 10 1340 7212 48 9317
3 49 4866 1373 1134 3007
68 9 4146 5119 5224 6412
78 93 6876 8418 4310 4660
11 80 7019 8213 3336 9207
38 77 4752 9696 8739 1233
97 75 1038 5439 2877 1835
28 14 7388 2727 2396 9495
48 23 8342 8290 6629 457
82 70 4849 8131 6662 8835
23 67 7901 9607 2123 6619
39 20 2924 4455 5063 7610
74 95 6201 7545 4672 7107
89 72 4397 5368 1065 9132
45 56 5336 9044 613 7026
48 7 9574 4670 6822 2267
34 88 6616 7608 1084 2953
73 25 5672 3448 7830 7472
68 6 7100 6061 5242 2952
64 38 5969 7018 5978 2581
83 52 2981 9077 1512 5314
64 8 762 648 7353 973
90 60 468 360 9152 3400
38 14 6828 4167 9509 4757
26 37 6656 5227 4106 4406
57 64 3921 3489 4245 2375
35 66 2738 6409 6434 7257
37 7 8497 2917 3559 1111
32 59 8689 2844 3487 1112
29 24 3041 8682 601 2638
9 80 544 9566 6490 410
28 85 5788 9893 364 5436
36 77 4100 3773 1211 7788
22 9 7092 5580 8128 7879
33 88 8502 7433 2915 798
43 20 9545 2575 8087 6341
96 63 9758 6363 7606 1038
86 69 1072 6538 2648 8957
66 87 4968 5946 907 9331
70 53 9480 4491 7872 7689
76 76 2615 8949 8320 7430
29 19 9432 9813 2651 1632
50 33 6816 1553 4793 8686
48 45 7779 7480 3894 1071
63 69 3863 3009 7811 5534
87 30 4790 5443 7458 9666
70 81 5319 8249 6098 1382
2 98 5240 2103 9353 5700
89 56 2937 5343 9490 5597
94 10 7312 1631 4936 5144
25 5 2121 2540 9580 4365
85 57 6114 5872 7851 8371
51 75 9653 3887 7368 8736
