100
0.135089443127 69
69 0.00326600442454
19 0.0293450036007
15 0.029818619616
74 0.0407716706603
54 0.030844229157
30 0.0168060324994
84 0.00993838376476
2 0.0257589139391
15 0.0027557291271
81 0.00431226852919
83 0.00589412964433
95 0.00461921676765
26 0.00325181363483
49 0.00562064857433
57 0.0168990554232
37 0.0168876695863
32 0.0428501742844
82 0.00450645254695
99 0.00739454798343
56 0.00579604660107
14 0.00780695215745
45 0.0346735382542
21 0.0129752081741
26 0.0155541103428
61 0.0185390792075
14 0.0142320431831
24 0.0289057483097
20 0.0200784145641
8 0.00857779355924
96 0.0188481381921
72 0.00138747708892
5 0.0390744326869
81 0.00353127421536
64 0.0366820626583
42 0.00282570706955
89 0.00438372479686
21 0.00316458128408
38 0.0066672310617
14 0.000582330239424
61 0.00649482543479
22 0.00964993095442
59 0.0105111730214
36 0.00635750460527
35 0.0243935718031
17 0.00759503278665
12 0.0297836112108
7 0.00881583197435
56 0.0122012984469
4 0.0164382287127
35 0.0475759517132
1 4.17681302382e-05
13 0.0239794987096
27 0.0103080915474
8 0.0151051111042
37 0.00361836964621
1 0.0218872604261
50 0.000613569969657
52 0.0149215807964
67 0.0243103785097
4 0.0138079515317
92 0.00606611341809
26 0.00759455391429
85 0.0270535161861
59 0.0206809599002
25 0.0249408129648
21 0.0209496783415
4 0.0184444383873
9 0.00553757608246
60 0.109956094235
0.0256375446332 20
49 0.0117891332307
34 0.0247964492391
44 0.0397571725834
87 0.0437968305415
83 0.0304399951469
31 0.0189173153851
4 0.0410717681088
37 0.016334797188
88 0.000203971859396
5 0.012507811356
13 0.00437132905878
33 0.00226566703966
55 0.0414873556088
1 0.0278767203067
87 0.0379758371401
48 0.0197959200556
35 0.00441829168986
22 0.00661528122335
67 0.00133677685071
52 0.00165794310185
0.0819769264892 58
63 0.0034952689607
90 0.0431922761715
14 0.01255278533
82 0.0125623304705
30 0.000777752371039
30 0.0488634848143
6 0.0698623998922
73 0.0446697018237
72 0.00286950762926
100 0.00423755951442
43 0.00949205083868
84 0.00668094377667
30 0.00543599664915
11 0.0235232615777
100 0.0150482569682
27 0.00484584308649
46 0.112140537266
3 0.0270167029436
34 0.00129598404624
25 0.00324827883689
86 0.0175344384067
100 0.00544034838718
49 0.0268299912173
47 0.0020617433309
54 0.0328076562168
38 0.0148423542924
20 0.011139619064
4 0.00393896400277
18 0.0454842703343
59 0.0236002720903
89 0.0139859734265
53 0.00361791520447
22 0.0058781135425
65 0.016952072477
96 0.0763083198436
87 0.0388405378614
84 0.0374493645111
6 0.0138356122779
93 0.02714167209
49 0.00995012977281
25 0.012684121905
1 0.0159974143693
76 0.021580559686
23 0.059586683133
71 0.0170106465916
92 0.00600739512771
11 0.00179494137777
94 0.00404259898622
84 0.00767342970588
73 0.00809373242403
60 0.0271581942858
14 0.00639853810362
60 0.0574850730687
65 0.0098840749537
52 0.0050970910538
88 0.0192935896852
82 0.0138923820045
58 0.0176440809715
0.006934375646 45
96 0.0216790672468
68 0.00182799560992
69 0.0196004166532
8 0.0147472143988
42 0.00411463054118
79 0.0002786631928
45 0.0178070693202
57 0.00576120252309
8 0.0306967284963
15 0.0225024660968
30 0.000645059533422
21 0.00137666264794
30 0.031808291437
98 0.0483579836978
12 0.0410217814674
7 0.0190047990592
22 0.036763856392
2 0.00718406649446
5 0.0292699604801
57 0.00247726313304
66 0.00688317576344
71 0.00453427018603
86 0.0372826800337
6 0.00953096547088
52 0.0130408842848
79 0.0349470061085
71 0.0170438441133
43 0.0281546159359
29 0.0109307077824
56 0.0019577839161
29 0.00669189850949
10 0.00855439570907
17 0.00307225567058
97 0.0273773741145
81 0.0303156528053
31 0.0454204002175
45 0.0452020877378
71 0.0110500423935
43 0.00685295653302
24 0.0220712995862
37 0.123959353174
89 0.0485527440886
11 0.00451649511768
82 0.0160808373612
43 0.0394340800937
0.671220764389 53
25 0.0378056413292
91 0.0789818137041
37 0.00571194077063
75 0.0447095793405
75 0.0114741018638
63 0.00116688351356
80 0.0102399715582
77 0.0141928259005
56 0.00403179999811
62 0.0195378405007
3 0.00472304002151
35 0.0169242916415
29 0.0117631657932
41 0.00363017152801
60 0.0116547127737
79 0.0163987014959
54 0.00574495744528
73 0.00592374144222
90 0.0116677202219
56 0.0333810866898
25 0.0166711557417
50 0.0021232266605
5 0.0210174542022
75 0.015575898608
85 0.0366724552112
78 0.0168215098052
57 0.0573111273697
41 0.00439265809337
74 0.0114541959067
43 0.0648812454681
70 0.0161327563209
73 0.00982167035494
41 0.002680123678
14 0.000835845091572
9 0.000626747373422
59 0.01607077638
94 0.0133776925337
51 0.0562970140934
80 0.00895056363153
24 0.0434880523325
43 0.00134020133977
88 0.0152950062313
4 0.00375211130109
21 0.00626864323028
50 0.000740175854278
15 0.00462132862226
73 0.0811985139862
57 0.024427663238
70 0.000788443400194
67 0.014104075687
61 0.0278387625155
47 0.0430083218543
73 0.0544382209
0.0640578948073 18
57 0.0574405545485
3 0.00940370207287
72 0.00236972238517
68 8.68212428792e-05
15 0.0092773800244
64 0.0348175121643
14 0.0285052787544
53 0.00478601742446
72 0.0111771965026
8 0.00651864059567
52 0.0354881175957
62 0.0280772859245
31 0.0159133644539
76 0.0447290816751
45 0.0289526207711
68 0.00407204276151
27 0.00657684106672
47 0.0304981658693
0.12887256206 54
81 0.0101559156389
1 0.00493219007098
59 0.0172288894888
25 0.0163827295758
70 0.0261040725195
14 0.00258509148614
45 0.0530116762095
90 0.0442470389772
37 0.00958964340161
67 0.00212980515348
18 0.0112622905962
88 0.0152088686564
72 0.0152473316843
72 0.000858405551175
34 0.00610168089171
35 0.00238413782418
77 0.00306754129306
88 0.0103728253517
96 0.0372264687427
58 0.0519887270914
59 0.00750621518762
29 0.00416371412981
42 0.0324475758728
20 0.0109609885154
39 0.061226926208
31 0.00051479484003
48 0.00762075013848
43 0.0528661023669
62 0.0312011824254
13 0.00965630905504
68 0.090775486588
95 0.077525601003
17 0.0222506162225
80 0.00595307708477
75 0.016890814113
92 0.0402639766698
97 0.0598320701149
16 0.00572883163525
77 0.0079174393759
25 0.00285945521954
52 0.031569571691
10 0.000221649235746
6 0.0303063889501
36 0.00225660042234
84 0.00344721068931
64 0.0892025663059
74 0.0331647717933
95 0.000602857263204
7 0.00625998250241
25 0.0451817222981
88 0.0163092965572
30 0.0115917506593
7 0.0171710951873
65 0.00291442750394
0.209925094774 90
11 0.0315540616687
34 0.0355673904555
10 0.00844967943434
40 0.0332451585237
52 0.0417634540296
69 0.000728959803464
47 0.0172703133947
40 0.0200701005948
42 0.0344751671469
30 0.00740470002762
48 0.0537678376286
15 0.00346426661568
36 0.0037256505732
62 0.00938451912007
36 0.010905197685
42 0.0132118187085
95 0.044615490702
22 0.00203392432289
93 0.00414575433474
87 0.0453084357606
72 0.0416932145881
85 0.0185271942175
49 0.0130781667642
21 0.0113698303502
87 0.0160219222339
44 0.020069030669
20 0.0251346134676
84 0.000713114644314
38 0.0249443865608
34 0.00293008361093
27 0.0340156464059
32 0.0489518395436
15 0.0292169742897
66 0.00147209392018
26 0.024544323901
59 0.0702870707582
9 0.0111167030566
47 0.020918917365
42 0.0785981730745
26 0.0346057052237
24 0.0532221985738
82 0.0823774535788
42 0.0352145368296
21 0.00550124378782
97 0.000703578432337
34 0.012263091265
44 0.0505030689972
43 0.00984049976547
40 0.00484405882739
45 0.0244911092252
90 0.0112342208958
26 0.00201189619872
48 0.0101168666481
47 0.00304284622871
74 0.0163120486194
37 0.00516972923826
84 0.010139401169
88 0.0127819798671
42 0.0229910952342
27 0.0375333348432
93 0.0118646384597
9 0.0313345355254
43 0.00431145507922
86 0.00550211016656
30 0.0170151394192
95 0.0189548840135
65 0.059797018482
48 0.0136078097514
91 0.00080173115965
76 0.0220561118249
88 0.00176415577802
8 0.0171264445476
56 0.0237456386151
25 0.00484483900157
21 0.0118299095754
2 0.0154528788319
97 0.111726882969
11 0.00209167609494
92 0.0136274737731
30 0.0242038272828
74 0.0108800783153
45 0.00738840059539
10 0.018884363747
88 0.00183767174735
49 0.00491110286552
89 0.0130197523104
15 0.0452266368479
68 0.0214960651722
53 0.0633024037709
95 0.0256182257142
0.045533279489 63
36 0.0312844888186
57 0.0223743574603
8 0.0347391066035
4 0.00215070582938
21 0.00167941649036
62 0.000887007138275
47 0.0273202415617
9 0.00951777966426
70 0.00773556093708
91 0.046362107214
65 0.00703175582594
95 0.0276794718686
94 0.073265854717
59 0.022290069192
52 0.0349499267746
39 0.0210619061659
47 0.0180520922675
22 0.0355949359285
47 0.000173635195117
85 0.0379675282641
64 0.0384359186663
33 8.6545374401e-05
34 0.0455735978659
57 0.0106513587666
52 0.00108010953449
52 0.0202036304803
21 0.0108487811843
75 0.0137261491706
40 0.0276261960829
85 0.000166841463301
59 0.00682694589358
33 0.0369343394768
6 0.00965479421964
92 0.00740878347622
68 0.00303196988869
42 0.0169399665942
27 0.00369895250446
70 0.0129280051803
78 0.00183099731647
5 0.0303113552611
47 0.00672881826543
25 0.0162932297533
67 0.0244778034096
67 0.0561446116099
42 0.00896615923737
87 0.0134228339913
67 0.00819607990586
65 0.0159082188269
32 0.0411521073459
89 0.0050906994746
66 0.00567198545779
32 0.0346656080779
54 0.0152054156303
65 0.00271082361794
40 0.0196876977147
71 0.00249245116829
57 0.0104150339346
90 0.00165747787778
5 0.000529219628334
10 0.0118999477889
50 0.000425399334062
24 0.0623530834701
96 0.0156656896452
0.0780291728657 43
28 0.0705741468005
56 0.0306433288181
50 8.68084151891e-05
99 0.0235342391157
34 0.0420629882585
61 0.0343723181919
13 0.00177313063566
56 0.00233630180538
22 0.0346694980676
58 0.00737540874554
18 0.0137782578892
57 0.0138830699445
32 0.0161166453157
12 0.0463820097186
6 0.00363832934726
25 0.00787518890765
12 0.00246822328532
3 0.00432425399645
54 0.0019324933745
89 0.0879190804337
6 0.0277902557226
5 0.00289978405288
15 0.00782859730756
95 0.00707454245954
100 0.00867428288833
39 0.000537819322913
22 0.011802801892
42 0.0121356168254
30 0.000815983064156
100 0.00717070043903
50 0.00100747025536
95 0.0605212664086
89 0.0444681343998
10 0.0274867421328
38 0.0145022137348
96 0.0380363421869
65 0.0137256348904
13 7.81591082003e-05
92 0.0212347576217
88 0.015932520083
68 0.00149611816905
64 0.0203715832352
6 0.0152530879686
0.0547197622414 28
58 0.0826113828931
26 0.0146171831363
49 0.006961588442
24 0.0254082949774
74 0.0252128124144
16 0.00948826302075
36 0.0105832912427
97 0.000592015440283
80 0.000550316545017
80 0.0204423463779
94 0.0414365491699
21 0.0136394876386
13 0.0101056496679
55 0.0313346560803
75 0.049651577802
49 0.0258549728443
94 0.0386745304564
39 0.00675519042685
31 0.00378260261523
12 0.0516089799979
2 0.0117356269614
48 0.0124904116675
48 0.00261322868356
22 0.0383924231421
25 0.00365172410193
82 0.0436149037881
1 0.000218491065421
97 0.0257663246979
0.0631259314474 5
51 0.0351704003206
69 0.0372128847415
57 0.0222335527576
49 0.00102343324809
53 0.000514701304318
0.0327788091082 23
26 0.00403598937691
78 0.0387871387158
81 0.0242223084445
57 0.00228402749091
92 0.0349249443509
15 0.0264333878772
61 0.000709523336656
66 0.00541313439741
83 0.0148859440654
38 0.00451226251013
63 0.00246400960402
100 0.0152896880218
35 0.04101470805
59 0.0230802626485
32 0.0136065652808
73 0.00768042191043
47 0.00858294252596
63 0.00180408416381
69 0.00328403642508
25 0.00322233760995
1 0.00411447079562
2 0.00991700777416
28 0.0363236591489
0.0297209819043 14
69 0.0499482772408
21 0.0185368973562
58 0.0083476286726
36 0.00286901592099
3 0.0329350556172
40 0.00982099227986
66 0.00240008964158
36 0.00888817237361
70 0.036646213805
37 0.0162866741736
60 0.0127369771297
14 0.0318457591912
33 0.0488408234058
78 0.00219970408732
0.0309560709371 22
59 0.0687398771033
22 0.0273706965827
60 0.010812669859
55 0.0365592773373
51 0.0058199534661
88 0.0199320114499
45 0.00276666624582
5 0.0100915171612
11 0.00434975730537
68 0.0527186280195
5 0.00122275889982
31 0.0108486006695
59 0.019222775063
10 0.00645831255961
34 0.0170052638506
81 0.00127454564655
29 0.0219650440657
78 0.0159694463589
90 0.0197169198573
6 0.0250960740157
90 0.0109391821643
98 0.00392689614659
0.0384754092881 18
42 0.0778826177773
34 0.0304245801236
94 0.0371778822359
35 0.0754203924056
16 0.00724430702229
41 0.013654826494
83 0.00725535742273
22 0.00584763855471
69 0.0106012170508
51 0.00177265649528
60 0.0560596136906
84 0.0083197671081
27 0.0051508956886
94 0.00620318398729
48 0.00378781754364
9 0.0589454584008
41 0.013139673282
65 0.00837433453255
0.0657622946209 38
74 0.0116614715723
21 0.0110005355715
46 0.00461744075216
71 0.000300803980572
77 0.0133888036329
68 0.0245454572333
56 0.000179455591986
13 0.0171128627955
44 0.00672552010769
19 0.00761019200663
12 0.00074721391596
9 0.00876629696821
75 0.0118302165471
27 0.0203335657045
90 0.0155999202487
57 0.000917613281161
49 0.00412101637092
60 0.00373831451133
63 0.0401332890803
23 0.025729802036
23 0.0105038087179
42 0.0201262803861
3 0.000271237483387
49 0.0313556979275
67 0.0479117223848
15 0.0011675661514
67 0.0205207862591
14 0.0064027904024
25 0.0223269919299
29 0.00924410835141
25 0.0582215573341
85 0.0127197526741
13 0.0551977644761
92 0.0134728501119
55 0.00209771962505
3 0.0447806421806
21 0.00714682614749
12 0.0115077829772
0.0231454873829 41
67 0.0632199164503
49 0.0196555722749
68 0.0187069800575
67 0.00213000230412
94 0.00414961809876
71 0.000764271665933
43 0.077741501146
81 0.0204468615915
34 0.00105610551708
41 0.0403162570259
91 0.116378717162
6 0.00713620227459
18 0.00653257756472
1 0.024635784151
40 0.00933972536946
75 0.00778748752221
20 0.00316260986341
6 0.0164364580512
6 0.00524645867303
48 0.0164414552745
94 0.0283400900137
66 0.00720906466967
8 0.00521892459628
35 0.00626671339047
76 0.0218585392729
40 0.0177880225803
11 0.0113569322662
73 0.000823448965871
45 0.0120306745032
64 0.00541316011842
67 0.000880474097051
85 0.000720080174117
45 0.0120467654594
17 0.0133408043755
52 0.0206674860729
94 0.00259796056762
83 0.0241471175169
59 0.00309541358528
40 0.0107050035378
20 0.00121683466775
58 0.0159728964295
0.0151943896629 28
54 0.0178508263711
90 0.0138608497007
95 0.00392554626116
12 0.0106705677686
50 0.0376050447357
88 0.00403615204835
98 0.0143341537591
15 0.00847500397115
84 0.0261190100595
76 0.0145880871744
39 0.000342447197642
70 0.000606726554855
78 0.00375408594611
22 0.00587808287484
10 0.00528737509923
69 0.0183319895129
59 0.000762087810416
69 0.0242872196701
97 0.00493364372174
31 0.0174739404405
35 0.0162767003397
84 0.0193409687581
95 0.0236216366308
36 0.024469550668
79 0.0442390938049
16 0.00421499879017
75 0.0374650166826
43 0.0564813196568
0.0168298576235 88
4 0.00485022773994
25 0.000335481838053
16 0.00112094025411
30 0.0117818047241
55 0.00456683224937
36 0.00491797675793
81 0.00835286336181
6 0.0159573555909
23 9.21778385071e-05
43 0.00250098623765
42 0.0270078232641
20 0.00665875082661
11 0.0148923821544
54 0.000932829248
84 0.0532986253681
36 0.0169442399935
78 0.0452023935854
70 0.0246917312024
61 0.020290409936
18 0.00317388918893
84 0.0205109348928
38 0.0311100235083
35 0.0176128578822
13 0.00170020676377
45 0.0271712141985
27 0.0365162215036
48 0.0176443519827
80 0.0225219446759
22 0.0355586691044
71 0.0366916813397
16 0.0494876044831
55 0.0220675132245
75 0.0202782323838
85 0.0282419068803
38 0.00516934969614
87 0.00427153123587
68 0.0142517879751
43 0.00151011403991
34 0.0177146906805
69 0.0121412721026
91 0.0221044892655
83 0.00585110892123
14 0.00179171943664
70 0.00145472601118
53 0.00255819115303
54 0.00213293289326
81 0.0324756998733
89 0.0363136039317
51 0.0213730014282
45 0.0251422868608
31 0.0060423925379
40 0.0132225339751
15 0.0366550901132
70 0.0179653835439
57 0.00189235962477
9 0.0270020846217
85 0.00750788355216
81 0.0376504012091
43 0.00319824182552
97 0.00679361818765
97 0.0214298562427
67 0.00138798692021
17 0.00984077354638
32 0.0129264635428
88 0.0165474593307
13 0.0134029155716
59 0.025771262569
81 0.02425278699
48 0.0116728934592
3 0.00213813391059
63 0.025397554165
92 0.00530506074713
60 0.0139375415935
70 0.0299273866133
46 0.0750733643103
6 0.0102397206664
53 0.00334893604676
64 0.00601249176565
68 0.0185424023932
73 0.0347514764501
97 0.00969062738589
44 0.00780639190125
45 0.0240065315328
64 0.000697387001951
59 0.002372385808
40 0.000850115231929
93 0.00552212047432
9 0.00192243392435
0.0571061400278 47
82 0.0108698096697
84 0.0113810019384
18 0.00129169084896
22 0.0132438752457
23 0.0531996318639
50 0.0180102706201
11 0.00362858480407
57 0.0101753157874
16 0.0211267084922
75 0.00981944197085
40 0.0217776697135
91 0.0146727879209
22 0.00792564206899
64 0.00688821737893
27 0.0155981390211
35 0.0631289482156
48 0.00884820816605
50 0.00201593543114
31 0.00738669927106
82 0.00637066660825
16 0.000610893192529
19 0.0676471809022
60 0.0244474944087
34 0.037661783438
81 0.0663661095161
33 0.000203185600355
13 0.00713148495956
64 0.0205618455075
63 0.0362161625053
84 0.00335840117272
70 0.0657787932237
33 0.0366564301053
98 0.0842971770072
77 0.00111381125046
93 0.0297001706058
88 0.0421888453137
44 0.00585319500486
45 0.02954834442
62 0.018817234723
85 0.0039249459184
9 0.00391041574168
22 0.030913026069
99 0.00113784501834
58 0.00239443182089
60 0.0275004218316
52 0.00828397461744
12 0.0222853299486
0.0271683189494 65
8 0.0400533280874
98 0.0412595832665
89 0.00602759183167
30 0.026060095529
39 0.0410752617023
19 0.000199616207362
50 0.00351713532618
80 0.0311747655583
75 0.00417946760775
9 0.0207029720204
39 0.0116945967597
56 0.0156262458079
90 0.000439784447501
48 0.00237156216141
24 0.00188828910703
5 0.00647252603107
59 0.00743165518907
30 0.00857582660792
46 0.0298241632767
44 0.00815335475215
99 0.00272611495916
70 0.015118521837
70 0.0288285592349
37 0.00395877184877
33 0.0577100255916
6 0.0688390911303
73 0.058102893131
82 0.0162385880464
52 0.0196755695258
75 0.00630209749364
66 0.0119915198777
27 0.0117579085218
45 0.0135288748194
98 0.0118965956239
82 0.0148276976236
43 0.00275749484771
25 0.00525297238424
73 0.0286598300062
18 0.00274452705546
91 0.0157604213002
19 0.0312925636854
57 0.0291905320463
6 0.00863990625307
89 0.0516866320864
94 0.0660833044579
21 0.040154715657
47 0.0239939146922
49 0.0304920017544
52 0.00682365923689
37 0.0312044795439
71 0.00688853690972
75 9.76369113879e-05
36 0.0104891417758
59 0.0176594418225
46 0.0166180598044
40 0.0165258533294
79 0.00926657687107
90 0.00214386889404
32 0.0281768208461
53 0.00190967775189
14 0.0196740965645
50 0.0465933285851
87 0.00316422124091
33 0.00470843028476
21 0.0438361958223
0.0445456607435 34
38 0.00404397657435
76 0.00894485243986
87 0.0226910023147
85 0.00400222029973
57 0.0270759343976
46 0.00503028476128
94 0.023043595176
66 0.00199627073205
94 0.0357087686856
48 0.0341657865553
78 0.00520041580039
94 0.0174572947311
72 0.0739078916813
23 0.0152958362981
55 0.0135548467435
57 0.0114265860301
67 0.0613180535787
80 0.0638612626135
2 0.010295553161
1 0.00591806311096
38 0.01212928803
91 0.00850645068885
77 0.0312009443127
43 0.0190005915202
23 0.016139601193
36 0.0194609362899
3 0.0136446827523
38 0.0282618104911
86 0.00755767057602
24 0.0027821867484
80 0.0560883010542
9 0.0517997134347
92 0.00649519395831
56 0.00908890194995
0.00272669990473 52
4 0.0316424168849
25 0.00988103537169
28 0.00894371005684
6 0.00551455312394
14 0.0357608351306
76 0.0852542353926
11 0.0102336170915
86 0.127770911676
14 0.00987140603906
30 0.00468455785438
32 0.0258588066253
66 0.0715754463336
90 0.0346366419622
74 0.0034468190161
85 0.0100184168629
10 0.0178329205341
19 0.00679898109256
1 0.0354766179892
70 0.00953615541773
86 0.00535893810436
87 0.0127765791534
41 0.00300790470438
15 0.0629859662294
28 0.00207176883862
39 0.0246693852932
18 0.00546029870863
25 0.0332585056743
71 0.00682265331823
29 0.00493038614711
67 0.0158260010996
93 0.00827155785731
8 0.0690926903803
72 0.00990739673562
11 0.00288115528761
13 0.0381125203748
29 0.00944919544912
69 0.00146583277426
27 0.0652848831808
19 0.0349309258399
85 0.0180474258931
42 0.0135416787188
91 0.044880259058
38 0.0313234181322
24 0.00184597607578
11 0.0210465235347
88 0.00167697457059
70 0.0186232972322
50 0.00772756920521
100 0.00177037524224
62 0.00114219387714
43 0.0148896321733
86 0.00290714061722
0.020179919251 60
6 0.0129741755426
77 0.0149673306323
60 0.004039241529
26 0.0128178442042
88 0.000614884225512
91 0.0850751655089
62 0.00728186891137
84 0.00256720238175
49 0.0174721923734
10 0.00363959604832
75 0.00300446453518
36 0.0269957482104
34 0.00795614979331
24 0.137761761187
44 0.0210920304837
57 0.0137666917418
100 0.0389410646046
92 0.000318530720528
67 0.0134170734496
33 0.000729472999582
49 0.00198318455076
63 0.042557124586
49 0.0203752749309
41 0.0425952444038
45 0.0242802987658
26 0.00434886664034
32 0.0163246112419
14 0.0374664753457
97 0.0607006961598
61 0.0365464830534
56 0.00516357071044
60 0.00716824187126
53 0.00114538600198
45 0.0257764467162
30 0.00205411994767
72 0.00578786546875
67 0.00828359060965
29 0.00213333943337
85 0.00875570475618
98 0.00549961687264
16 0.00159298861008
69 0.00241606673286
48 0.072911101124
32 0.00923391422372
14 0.0641414167967
96 0.0236626942377
66 0.0300173782805
21 0.00455568450252
25 0.0117423097058
46 0.0223909521027
84 0.000338476636891
61 0.0215444517289
7 0.00494302604559
93 0.000582719184357
7 0.00598210966444
15 0.0230907985628
78 0.00548422798974
20 0.00974160485734
56 0.0233822164276
93 0.00562786340923
0.241641285481 6
61 0.022210915222
59 0.00534416698516
51 0.00843014029294
94 0.005768618032
45 0.00688017744419
100 0.0141404391213
0.0238658863397 53
9 0.00644674907565
15 0.00175951021593
84 0.00821216050133
97 0.063717781921
79 0.0014929122219
29 0.0187259855661
6 0.00635626139425
2 0.0085723085509
53 0.00795445752027
73 0.000438816701927
68 0.00240009774865
9 0.0133567186667
67 0.000502863655845
29 0.0026633114744
57 0.00184848078052
37 0.0231632270058
86 0.00996560661287
66 0.0100018318836
83 0.0206043875543
6 0.00256150749225
63 0.0540601218042
96 0.00158512621109
56 0.0230154434754
75 0.00439481931924
85 0.0110478210437
79 0.000778297512315
71 0.0173585568121
15 0.0269119027564
55 0.000999687947134
11 0.00981631869678
86 0.0193575817086
44 0.00532327363498
38 0.105342411333
33 0.0592194762748
94 0.0171617762824
88 0.0393089693385
36 0.00736064378249
13 0.0172868326482
43 0.0789324733219
33 0.000545372171277
45 0.0519141925527
69 0.0217529298556
47 0.00286337913784
19 0.0450339077106
37 0.0135131469993
50 0.0169097002006
89 0.00498455930664
79 0.00608238969875
38 0.0140003102722
44 0.018738664104
77 0.0226755869383
41 0.0412604189692
22 0.017942757741
0.0124272873071 25
65 0.0134068037319
2 0.0681227083471
34 0.00775796959739
13 0.0392828495621
23 0.016397366614
7 0.00518147423846
44 0.00320568808866
81 0.000755566656488
11 0.00273931555071
47 0.0153457330747
79 0.083211093718
32 0.00422362992248
3 0.0048940540529
55 0.0963796399233
8 0.023627476646
67 0.00176977702122
75 0.0669303203701
62 0.013023914495
46 0.0217042154785
84 0.00885239153195
97 0.0338104156973
36 0.0384199627367
23 0.0365975464684
66 0.0224326870627
81 0.0088288824583
0.186671228087 37
84 0.00581431132022
3 0.00093975950304
44 0.00108682940042
61 0.00701231915082
33 0.0361688434182
75 0.0182679567454
46 0.00948863758809
91 0.0409717223425
78 0.00199828597534
12 0.0428546377122
90 0.000853646563157
63 0.0045682739918
5 0.0142524120377
95 0.0396851406675
42 0.0400655709482
38 0.111370920721
81 0.0333580687016
96 0.0318841689182
51 0.0219340009619
33 0.046878200028
2 0.000183605440399
62 0.0372649352188
98 0.0254186571637
62 0.0191855223777
23 0.0175136076696
9 0.0166407189745
4 0.017885306536
12 0.00448113392799
27 0.0487769442152
88 0.00194797789692
46 0.0549188996227
47 0.000322322332564
59 0.0647449463447
19 0.000807700819288
49 0.0136974553055
56 0.011213175793
62 0.0177968468139
0.394313153446 40
36 0.00466275753956
36 0.000532843460656
15 0.0115057918081
96 0.00801941924433
2 0.0165752262215
92 0.0332303366157
27 0.00276184097449
80 0.0254555013087
69 0.0136154362632
88 0.0674598272435
6 0.00339298428239
86 0.0160279610273
66 0.0765483941555
37 0.0321805703368
20 0.0135530829463
86 0.0544371016551
72 0.037661040151
64 0.0110706210395
43 0.0646056410948
41 0.00295470934266
19 0.00657152008749
86 0.0209784186724
8 0.0240646843319
69 0.011901675071
60 0.0380352218512
36 0.00698034033056
66 0.0202460958704
30 0.0659405686433
19 0.0137379425304
31 0.0323627516324
89 0.0172831167902
22 0.0223831898275
92 0.021615744054
1 0.0184729085227
63 0.016329467482
21 0.0139060824121
33 0.0245579001919
11 0.0326384792966
15 0.00663923077481
34 0.00786443880004
0.351361183336 83
33 0.0128370506629
76 0.00698577718267
100 0.0218223591068
46 0.00737610978256
20 0.0056299712846
89 0.0151620624946
20 0.0191734250346
67 0.0234946937854
77 0.0362164879972
30 0.01347053524
64 0.0186454104066
76 0.0115809965143
82 0.0576509593507
48 0.0188353296474
39 0.00342835720108
67 0.0273213635989
57 0.0316191070534
99 0.0366029399998
14 0.0533658906709
18 0.0288493200621
4 0.0130321838754
21 0.00221059291351
53 0.0400484398363
40 0.00193466812308
96 0.0121119438011
88 0.00780829756156
89 0.000416144013042
53 0.0388695103226
31 0.025996807682
74 0.00647528266619
77 0.0213253139111
34 0.0118437298223
64 0.052117016546
83 0.00135054581382
16 0.0208682588041
44 0.00599270005054
85 0.00980802307782
27 0.00208266410123
83 0.0568220488786
94 0.0120653363886
65 0.0230841806964
46 0.000908480440988
76 0.0146093101563
19 0.00180395790364
86 0.00087635642259
15 0.0075121177872
99 0.0152821045658
91 0.0100799814994
68 0.0150650011243
48 0.00452886654986
63 0.00399554858323
23 0.0425330339192
89 0.0628236747875
18 0.0154228137417
81 0.059484445939
28 0.0102098475208
94 0.0204603431134
18 0.0153516676171
23 0.0205736200744
95 0.0251699141868
5 0.0760098940914
46 0.045419735127
78 0.00689068588969
55 0.00364757926448
54 0.0268451502425
65 0.00776869899127
78 0.00168957930583
16 0.0395444872418
31 0.0648560859801
47 0.00661078575224
78 0.0647694689332
92 0.0202540855029
90 0.0248165830182
31 0.0260471746477
39 0.0970320748379
12 0.0132228709054
71 0.0279993788683
100 0.0254805584495
24 0.000257747784044
72 0.0272632671928
89 0.0624751063111
1 0.0410643598855
39 0.00700963814398
0.0541520143002 46
81 0.00881387929679
6 0.00789658193258
5 0.00868116507096
45 0.0128236871472
55 0.0123669805896
19 0.0202836913842
30 0.0739608314211
65 0.0030141019189
80 0.0303402646015
62 0.00550378903901
57 0.0334560841755
61 0.0607236778911
58 0.00984537154536
19 0.00651040382184
91 0.00800268249679
6 0.025084740577
51 0.0332407510459
67 0.000791804546316
22 0.00630293523727
68 0.00989051910415
96 0.00632831365314
34 0.00290326996108
41 0.0226741423571
79 0.00153811315316
95 0.00331901795893
33 0.0334245327377
13 0.00636462146436
53 0.0160068486616
54 0.0228106271705
67 0.0112722211069
92 0.00743334701125
61 0.0128343870276
25 0.0206963631038
29 0.0574530006637
30 0.00230875849701
31 0.0231585849676
15 0.0336455782559
62 0.0457510131259
8 0.00569228019409
56 0.0123640909399
32 0.0256239373634
18 0.0466944548602
64 0.0216762000894
34 0.000461645676661
25 0.0393217766984
79 0.00344409861395
0.177544432218 10
14 0.0734778144893
26 0.0125869316314
82 0.00223230667163
4 0.0233287645604
36 0.0106725733529
85 0.011015235691
54 0.0217543761365
78 0.0532132671838
64 0.00908696723129
7 0.0597280338744
0.168511023391 85
58 0.0441339598557
92 0.0276644899491
5 0.0032391449481
98 0.028795619711
79 0.00377784244783
99 0.00137191000971
6 0.0234529623753
24 0.0387650547016
100 0.0102000097059
24 0.032146143946
11 0.00444755774053
77 0.0316216603127
25 0.0212150093914
19 0.00852874101721
46 0.0105702459968
95 0.0281303771379
19 0.0159819605292
67 0.0205621294781
60 0.0197332091948
49 0.0597205887462
54 0.012439612917
3 0.00784947917696
98 0.0348732925006
26 0.0101119690358
96 0.0072186958975
48 0.0199709161674
53 0.0128856142788
16 0.00316119332941
83 0.0272809635285
72 0.000386740320732
67 0.0113631773187
73 0.0290592963927
27 0.0333033349769
51 0.0075962503178
68 0.040680741157
55 0.00685868164164
39 0.0122975056521
98 0.00998201785626
6 0.0556969747841
2 0.0242629466474
59 0.0080359189465
91 0.0160849015178
45 0.000921674631566
54 0.0226413899777
33 0.018157162216
69 0.00458087665862
20 0.00766120719264
97 0.0211336884832
24 0.0343590617479
25 0.0460455678228
66 0.00454336504312
16 0.0160073222023
97 0.0119447316927
5 0.000634509718293
66 0.00822819067744
6 0.0352470248338
16 0.0346681197357
25 0.00384222534455
42 0.00409647342524
56 0.00916478591716
21 0.000161014705397
88 0.0138943174548
24 0.00633699246302
56 0.0165399550212
56 0.00386716922792
21 0.00259749805739
70 0.00185176999406
22 0.0538390132773
54 0.0439752989965
6 0.00171043005341
70 0.000854284676706
87 0.00590260196529
16 0.00313053452521
44 0.0174803848579
65 0.0172975279759
59 0.0152497044092
87 0.0189660586663
42 0.0136856760856
48 0.0179481877822
18 0.0315085767013
24 0.00174911230401
83 0.0407114021425
34 0.0741596072285
95 0.000190614743031
37 0.0054510689456
0.103602855194 56
96 0.00437886597427
74 0.032430976458
26 0.0407593569537
10 0.031403532358
41 0.0200670035046
60 0.0405396991268
14 0.00166309153528
8 0.0283422837757
67 0.00291555264234
85 0.024419901127
80 0.0146642843615
88 0.0127048620004
13 0.00227377683194
73 0.0119228134587
32 0.0191635216315
14 0.00939527325843
9 0.0194346734692
8 0.00475038700018
23 0.00644907816544
76 0.015279969466
71 0.012381535521
49 0.0199839099888
33 0.014573863913
52 0.000551147876646
97 0.00658342265483
22 0.0154391743038
78 0.0386475374614
81 0.0015140133078
84 0.0442251119488
12 0.0303979939646
86 0.00223758986614
47 0.0293598555826
93 0.00663393780608
97 0.022484666034
69 0.0120747941273
50 0.0119992597711
46 0.00489654858345
47 0.00934450126672
91 0.00461258283716
24 0.00456818935823
39 0.00739941935338
90 0.000231088908795
1 0.0175948507631
33 0.016513560255
74 0.000245802347525
67 0.0305042831775
91 0.0259956124278
3 0.0760110449024
84 0.0266088743391
75 0.034344145743
61 0.0313658501968
24 0.0101776183631
10 0.0360241200059
30 0.0170620303349
14 0.024171885528
25 0.021709850768
0.0104218933616 11
12 0.0106183867906
3 0.0183799508345
53 0.00598718546384
78 0.0125954633315
82 0.0160953514487
85 0.00711363714751
55 0.0058007747829
42 0.0473910266128
3 0.0121096378723
7 0.00604766528453
21 0.037943125129
0.304363363473 8
94 0.00544363126383
60 0.0198665938502
24 0.0269619629951
2 0.00143697771313
68 0.000783356991766
86 0.00376598063937
7 0.00634945742346
39 0.0123991661107
0.130997919365 67
53 0.0231741616505
72 0.0161424901442
14 0.0347916714184
94 0.00961864181662
85 0.0222330124995
43 0.0154915674392
46 0.0374103471785
83 0.013307938322
99 0.021994090203
18 0.0776907867891
28 0.00230934948021
64 0.00452753228091
51 0.00677221098809
3 0.00334153898671
27 0.0327506357748
95 0.00550817830886
10 0.00788498512943
39 0.0151069775022
92 0.00332156786175
20 0.0108096078816
59 0.0109693636697
14 0.00353220617859
67 0.000724889940794
55 0.027982544853
62 0.0999774758368
86 0.0307662376436
7 0.0282504695005
10 0.00202052028403
38 0.00236774676006
34 0.0186999934368
99 0.0127357836777
95 0.0474836312252
88 0.00710666196126
37 0.0318092272075
56 0.0425334735581
12 0.0149839287734
95 0.0010764701423
58 0.0108105948166
42 0.00704733052647
24 0.0286651858428
68 0.0058980585697
57 0.00339537999683
51 0.00358803171574
10 0.0362823975388
84 0.000148076294699
12 0.0170295798054
40 0.011862414391
23 0.00499413604731
94 0.00119055770823
10 0.04108664174
96 0.0499605514931
24 0.000651500288919
15 0.00382225300898
8 0.0275833812834
57 0.00228420410449
3 0.0303258023642
81 0.030231801877
6 0.0390538877709
84 0.0234157733473
47 0.0125852398273
66 0.0197968606127
10 0.00584167808011
96 0.0158800301915
23 0.00550082488655
87 0.0569971209451
95 0.0146369737751
38 0.0194380045238
0.144905769158 76
3 0.0344838721104
57 0.0304107661617
82 0.0404419285592
31 0.00974298989067
74 0.0159057525048
85 0.00161227032956
24 0.00897314355706
29 0.000666558277215
48 0.0239831178933
94 0.00586392991489
45 0.0182743310356
28 0.0334791934526
34 0.0303157311785
22 0.0447280984047
12 0.0111345936258
48 0.0300199721975
4 5.96979294079e-05
2 0.0239384745804
55 0.000294877068812
36 0.00151299178898
53 0.00412818158339
5 0.0330184177372
59 0.0116319000351
3 0.0301498147961
54 0.0510006378485
49 0.0491927012
28 0.0264963575233
6 0.041433086059
83 0.0260944959083
43 0.00510310230394
94 0.02481738377
3 0.00653596761676
37 0.0187754201242
6 0.0774260378191
21 0.00203981599475
67 0.00290303118091
36 0.00480546330681
4 0.0121172547344
42 0.00227658729513
95 0.02717646478
23 0.0127351256458
44 0.00441029464166
17 0.0179719887754
5 0.0464783538156
37 0.0274640194364
84 0.00784430881656
14 0.00329223357673
7 0.0362474722584
52 0.0101328387766
46 0.045649996896
44 0.00603691984383
68 0.0343666904026
62 0.0119034072263
50 0.0248697952713
54 0.00976050334268
20 0.0112244463973
68 0.0386709901495
43 0.0149760889893
61 0.0167622016069
92 0.00750025003171
66 0.0173236946757
45 0.00466335075339
17 0.000388406052699
30 0.0093355571839
66 0.000348469918892
100 0.0354297605418
64 0.0136403004681
66 0.0349802150926
55 0.000279140651584
10 0.0109983900073
65 0.00349182030608
85 0.0667491561588
11 0.0184056816485
63 0.00383396593953
46 0.015298287052
90 0.00538466352879
0.0127224617339 1
33 0.0260094677832
0.0339864948969 8
24 0.0118788842907
1 0.048604322595
20 0.0155536203957
2 0.0196266435309
97 0.000452026237875
34 0.00876513402926
40 0.0698612866389
47 0.0256298192036
0.129985045352 16
71 0.0121588885993
61 0.00449061931952
3 0.000183961177966
100 0.000453687258557
63 0.0240040845727
49 0.00593289261458
50 0.0179634633049
29 0.00667742332157
4 0.00335434602345
32 0.00476269477305
6 0.0175412652528
39 0.000117204451067
99 0.00375256072892
94 0.0274963940785
6 0.0329323407158
57 0.0158516240928
0.0720122232895 66
11 0.0195550650701
74 0.0490125427394
11 0.015819269717
71 0.00979784304885
5 0.00363811852156
95 0.0368827809569
15 0.0215787836883
75 0.0656520623319
72 0.031419827939
92 0.022524992927
44 0.015578087833
35 0.00285922573303
44 0.104169224908
2 0.010621944044
73 0.0275751456083
12 0.0169897690533
24 0.0226459919738
30 0.011977136876
65 0.0125050641029
34 0.00257909115889
50 0.00670469803076
58 0.0107511779569
26 0.00140766652797
11 0.0141471256966
12 0.00664543551183
8 0.0236976820826
13 0.0022930705989
13 0.02490128739
27 0.0163173646969
29 0.00479997945542
43 0.0182768435286
56 0.0440770676592
77 0.036839529865
67 0.0408926735405
9 0.00209748747695
56 0.0277201613429
11 0.0341630447827
84 0.00529257685393
81 0.016516352097
68 0.0290740845982
78 0.0327683293608
36 0.00710627766651
39 0.0173841943068
67 0.0376970150916
2 0.0307334105194
90 0.00151071753144
5 0.0507793226766
94 0.000520807707481
75 0.0116948824791
18 0.00770970708843
36 0.0123133949018
4 0.00146739791457
59 0.0193594634792
41 0.019348928427
96 0.00532819116429
8 0.00132310769173
23 0.00927700480692
99 0.00239770575495
73 0.0724193401489
97 0.0102276643468
86 0.0137433280889
100 0.0161078290806
20 0.00119166826203
38 0.0112769169701
67 0.0218597175351
95 0.0283589915968
0.147793411307 51
19 0.00287720812341
5 0.0224801926763
4 0.000390608045077
83 0.0334888029121
94 0.0259676307872
35 0.00370600319109
68 0.0239147009368
39 0.00857964911717
67 0.0499502382942
25 0.00890001878451
10 0.00285763329445
16 0.0246350852631
25 0.0133798358656
47 0.0100830852478
22 0.0176978355146
73 0.0408133624622
28 0.0702397887743
42 0.000604646766606
97 0.0182649669866
36 0.0161152880339
85 0.03269246517
48 0.0115856801688
38 0.0516704888483
86 0.000801751267561
40 0.00767643667154
97 0.00758257282292
74 0.0224519301689
94 0.021587192906
49 0.00841705912485
1 0.0288128833803
99 0.0119532426273
60 0.0100803076001
38 0.00741341352217
63 0.0194125951511
12 0.01851787967
57 0.056333594904
49 0.00056617062784
13 0.0143457906466
82 0.0227463064268
2 0.00241101227609
62 0.0302473052768
62 0.0529907139464
40 0.0280492833709
69 0.00316610221929
67 0.000188252759273
75 0.0521255716351
96 0.020050480745
76 0.0556166367557
100 0.00951463219915
65 0.00182222672976
29 0.0158864357744
0.0490528751272 91
89 0.0468761316313
3 0.00277232098583
41 0.0422021770592
55 0.00366153379202
18 0.128504289069
60 0.0133511787533
64 0.0231228689696
55 0.0105746888304
70 0.0276696383852
83 0.00764209075381
31 0.00944471914527
5 0.0665130553901
81 0.0202675596081
61 0.00192555059174
62 0.0142768982862
34 0.0752193753178
42 0.0344461505838
78 0.00548803244602
30 0.0203897429472
73 0.0464526174803
16 0.00224632001598
30 0.0106994793152
50 0.0306910855556
64 0.0273866654234
23 0.0152263671397
45 0.0673588271623
9 0.0150175276833
54 0.0244550905112
32 0.0193533244306
1 0.000434104961556
88 0.0193532556034
54 0.00546777650812
26 0.0128526941296
38 0.0223823177623
83 0.00679609190882
84 0.00556814546155
24 0.0104099770123
87 0.0326288388187
73 0.0141369006317
68 0.00625046576235
92 0.0373354622417
36 0.0134146289041
52 0.00368091588289
5 0.00731563647384
10 0.0401824059818
31 0.00289323628339
93 0.00172974175735
58 0.036110986731
61 0.000132970109515
46 0.0166422541104
26 0.0520430790602
30 0.0409284151447
87 0.0113911985785
23 0.00471143774731
47 0.0352183484866
94 0.019478470126
85 0.00356090691811
15 0.010575580403
41 0.0268694139967
2 0.0220536800402
23 0.00164401326026
86 0.0198236783014
46 0.0160704017342
84 0.0199017116331
98 0.0204356189613
57 0.00638182582282
9 0.0530267467571
45 0.0499974001148
100 0.0192146437043
61 0.0213413891822
29 0.020297107671
53 0.0125859336728
20 0.00750111401416
42 0.00702743166401
68 0.00641178648797
32 0.0369200450506
11 0.0263324388508
37 0.00845582341609
23 0.0139766567654
58 0.0168109852112
51 0.0147435326588
39 0.00343996964453
13 0.0313388172975
64 0.0687604045745
44 0.0334285846047
52 0.00417343603197
33 0.000284445144292
44 0.0121720708433
95 0.0271719894856
71 0.0159710967957
95 0.0122119625325
0.106679830294 6
65 0.00250972834233
81 0.0051213899734
8 0.00197395231352
41 0.00701397360942
55 0.00748039526437
78 0.0318856889548
0.0281976587461 78
24 0.0238585768168
86 0.00138262390428
31 0.0213295919064
99 0.00228356369454
15 0.00803887434146
17 0.0673550251429
41 0.00138545719471
93 0.0104382268208
2 0.00189489508894
28 0.00666227201951
24 0.0280682693329
20 0.0252894397476
52 0.0153780393157
13 0.00412260065327
28 0.0161194851503
54 0.0212714250509
93 0.0608086634904
17 0.105162102897
12 0.00662828249901
15 0.00592969975838
58 0.0215917852667
78 0.0275939292966
30 0.00734590471581
20 0.0135953095544
95 0.0187230673926
19 0.00605834785306
90 0.00303525322718
25 0.0273116950814
22 0.0160676116547
43 0.0225716487185
67 0.00101584655982
49 0.0162778907391
78 0.0136630063698
7 0.0260078792239
61 0.00016758920095
98 0.0150269317182
89 0.0153265680032
100 0.0442111612377
76 0.0229821041672
12 0.0498357517387
57 0.0718677805737
30 0.0322856495007
47 0.0277261559812
64 0.00390280677768
98 0.01303525706
84 0.0335509906551
24 0.0749420359318
58 0.000906314622255
54 0.00124492301515
66 0.062352755596
60 0.00988928256208
82 0.0349285888802
88 0.00359201770818
27 0.02137598574
31 0.00465365084429
82 0.0161913087968
62 0.0296673417396
26 0.0342482918256
37 0.0205950491587
77 0.00372170337816
67 0.0126191700488
40 0.000602874706971
6 0.00406811429169
24 0.024327673063
69 0.0426817227379
93 0.0910567081557
63 0.0113241304391
80 0.0535520660569
74 0.000156020445117
64 0.0365280284771
83 0.00512941121663
27 0.00820376551803
57 0.0172301543716
17 0.00508809271877
90 0.00385933463356
11 0.00767838421888
36 0.0013282019233
4 0.108024456514
0.0793928835392 50
81 0.0132039875457
48 0.0353672738268
97 0.0083558094687
3 0.0239611747644
45 0.00536588627744
82 0.0078340592102
33 0.0295481223141
12 0.0431863603261
14 0.0112013238177
31 0.00728941528833
3 0.0186292925391
63 0.0276732135903
3 0.00971502152193
10 0.00081140945545
41 0.00056236890035
19 0.00530069732868
32 0.00697034785555
4 0.017455978323
37 0.0532370378615
20 0.0176396843319
24 0.000900224116627
93 0.011118451759
50 0.00528057465879
48 0.00338739443926
97 0.0129912036299
1 0.0197864764537
58 0.0247099088553
57 0.00795237997598
77 0.00221914893415
22 0.00407699820774
27 0.0119061377299
31 0.0518639414282
14 0.0285991853683
64 0.00364655265091
65 0.00234567730924
97 0.00636739424235
89 0.0672908454793
34 0.0103435848108
59 0.00866027492228
89 0.0551827321861
37 0.0556664225399
83 0.000169894726824
70 0.0025292647426
6 0.0110583861322
85 0.0320575299255
60 0.00966845594212
57 0.0258321916568
21 0.00410682376264
96 0.00646482426034
57 0.0644157977411
0.0204139940377 37
89 0.01350180658
72 0.0308307504079
2 0.0435512764369
82 0.0403737886422
19 0.0503368421597
28 0.00397936874734
82 0.0143452768553
69 0.0269828145743
9 0.016723219145
90 0.0182024084995
66 0.0147794377259
83 0.00568706976503
91 0.0115276839421
51 0.0464249172834
1 0.00218686446035
95 0.00479805748827
47 0.0171204818529
39 0.00398040567379
73 0.0018196824859
54 0.0081931539647
92 0.0498254933007
71 0.0210476413595
53 0.00242999008921
72 0.0109662037307
77 0.0647889348517
80 0.00900295328712
33 0.00765282160987
17 0.0182079935948
36 0.0314891939328
99 0.0269190914326
100 0.0093616790042
8 0.00641570568097
78 0.00600501710184
22 0.00368429985191
56 0.0338057902894
29 0.0170187868365
40 0.011063936392
0.0944589866278 21
59 0.0474410087627
38 0.00480231913
29 0.0453061043504
87 0.0099420068541
49 0.00316823827841
93 0.00812912985017
23 0.0172500850165
62 0.0589619186611
5 0.028952692105
99 0.112361567984
69 0.0110034566693
24 0.0189817554948
20 0.0261300628711
33 0.00367425196252
13 0.0101473408046
97 0.0152245644638
16 0.00902836178515
70 0.0114809516115
20 0.0297442539355
88 0.00280550484498
51 0.0116503554644
0.0849524318395 77
97 0.0737279533608
25 0.00258239529309
3 0.0930806020364
75 0.0179085562056
78 0.0439814614124
70 0.00764754724086
64 0.00599605786732
12 0.0831912796468
64 0.0368616947839
81 0.0388847365146
37 0.0405730693633
91 0.0144086987853
7 0.000977135607234
29 0.0209127387944
77 0.0195936347917
31 0.0051788033836
9 0.00384822876113
44 0.00350581002879
10 0.00399006211956
64 0.00994029835971
29 0.0505785902152
25 0.0384079453104
25 0.0331419994106
63 0.0246049587493
39 0.0105355333562
82 0.00383845978408
86 0.00540588467379
22 0.0552611275065
63 0.00929900587181
57 0.026697678554
3 0.0236304796391
64 0.0333218971215
72 0.0140295994291
4 0.0420158650653
31 0.0334409857555
67 0.0135583552344
43 0.0110981880801
26 0.0114655290113
22 0.0208631436301
17 0.022937252281
66 0.00214213310245
24 0.00390488887423
44 0.00744081973861
94 0.0244138077848
46 0.00255135086774
80 0.00980069342602
71 0.0208818042094
89 0.00154012414714
82 0.0107104000791
23 0.00448761716603
58 0.0155221521928
52 0.00425275903441
38 0.00377347938628
41 0.0124083941067
18 0.00799311813608
54 0.0388549936332
90 0.000332762395321
53 0.00736295538983
90 0.0513647518029
24 0.0204659562764
94 0.00634389546472
60 0.00826826694475
87 0.00331061841606
7 0.0159558878967
87 0.0818416381122
41 0.0182797007235
15 0.0479371691574
60 0.0591919389706
86 0.00175428846069
86 0.0103727989192
58 0.00721119319892
48 0.0597413516183
48 0.004571296468
85 0.00565854899005
60 0.0570092208368
63 0.00689323561327
11 0.000849294876413
0.0343704744821 31
61 0.0165644501122
23 0.0255715915054
92 0.0878842742739
90 0.0148062074589
42 0.0371592078219
89 0.0162574278824
15 0.0449695209519
59 0.0109067359465
71 0.048164888577
50 0.024728514675
3 0.000749104871616
57 0.00718991992867
6 0.00770179300916
33 0.0139555491139
31 0.0240032141625
18 0.0369380199608
68 0.00424492421594
13 0.00973171602461
40 0.000205110435486
82 0.0112451857352
46 0.0142439612122
73 0.0561735063692
82 0.0304583911694
2 0.00446014842409
39 0.0596952246239
26 0.0511265064504
61 0.00614575347308
96 0.0249612385682
83 0.00409559937542
83 0.000427292921192
68 0.00187934142712
0.180455270758 72
92 0.0311937314686
83 0.0188892158164
28 0.00851656216491
28 0.00837072883403
8 0.0115369875317
21 0.02992882855
90 0.0229368342127
67 0.0229951731736
86 0.0146338643255
30 0.0033053148582
19 0.0028572059009
94 0.0939485872115
9 0.0400284373
43 0.00953220818257
79 0.027050295497
85 0.0301296190314
21 0.0104980167973
61 4.76462554248e-05
87 0.00605016007082
56 0.00646478419408
5 0.0164327476934
78 0.0063961167508
82 0.00942818652636
51 0.0123375321787
95 0.0157896768407
36 0.0303048091455
23 0.0115393593065
28 0.00548993585087
40 0.000505178102768
62 0.033011849813
75 0.0518448742466
94 0.0489561132967
35 0.0398128648488
69 0.00868308995561
66 0.0105903826621
41 0.0297911805737
33 0.00375664812394
10 0.0098838515402
23 0.0086434818797
56 0.0285200949262
25 0.025779112301
63 0.00229817556562
77 0.0598772662035
57 0.0112343399857
5 0.0185937662829
67 0.0353640735445
30 0.0319237683532
28 0.0180467315065
29 0.0176095401217
78 0.00224925752633
85 0.0396826091416
43 0.0772524694946
46 0.00804428888371
5 0.00533979084039
21 0.0227131858794
56 0.0088908892072
38 0.018641446725
88 0.0380658344066
79 0.0203938473021
6 0.0380511701504
25 0.0107377194542
62 0.050594795127
33 0.0173337950907
29 0.00241541542389
17 0.0148625482854
61 0.00518024867106
45 0.0124591805556
27 0.0368142677998
67 0.0632097623682
64 0.00126002993764
91 0.000847330671189
84 0.00436081645167
0.0133188435444 6
50 0.0371763783395
15 0.0072756905612
74 0.00799803034448
18 0.00365893566836
17 0.00385204181678
95 0.00184354282071
0.161657088015 29
38 0.00137147255792
77 0.0169664040351
43 0.000153171411113
6 0.014865931945
26 0.00407375214665
51 0.0019224065473
41 0.00434550753194
84 0.0289822004175
46 0.00942448768507
21 0.0127485224707
48 0.000683478300766
1 0.061294620626
95 0.00458995640176
8 0.0747344359193
45 0.00101540674861
67 0.00162912388126
19 0.00732318804453
52 0.0504585048301
6 0.00576786108389
20 0.0427036026003
55 0.0103851753613
63 0.00105560252163
2 0.0531465515224
41 0.0263304526048
17 0.0182051315237
44 0.0455701932038
77 0.00453087022252
33 0.0489962994601
46 0.00530487294804
0.245308124755 44
81 0.00395534810954
60 0.0474967001603
51 0.012355355715
16 0.00105555072064
71 0.0898708255866
58 0.037097987367
13 0.000498757454191
28 0.00847668796884
82 0.0126614101106
31 0.0137069619853
62 0.0140804640705
21 0.000497045280237
98 0.0209591812164
46 0.0249853249456
30 0.000398823290156
30 0.0194756819742
39 0.0178318802345
51 0.00467652910627
4 0.0329113152427
44 0.0336533892161
2 0.037223433208
1 0.0224277824835
63 0.0139897660843
19 0.0797089266567
44 0.0331065349357
4 0.0457422424449
20 0.00756693632129
95 0.0340080973229
40 0.00793615599501
32 0.0269564273727
58 0.00716197555146
92 0.00836447930171
2 0.0111821911096
79 0.0257410194822
25 0.0180254667711
66 0.00597214541593
31 0.0472412665208
11 0.00672091666933
45 0.0312391907566
1 0.0216160695931
34 0.0269479827657
36 0.0196138887784
9 0.00576343710996
87 0.0152379888078
0.0452803972573 80
40 0.0134764493484
8 0.0285593956166
51 0.00299852566766
71 0.112651342983
75 0.030029593367
72 0.023783209718
49 0.0418186493561
18 0.000105372434263
75 0.0127771821585
27 0.010851460143
53 0.000442759991712
29 0.00584580133968
15 0.0161823027858
27 0.0083600368141
6 0.0381842006385
66 0.0244864545844
69 0.0237148416135
1 0.00487048933491
32 0.000407915469823
51 0.00824486806423
83 0.0336537777577
52 0.0143417047169
71 0.0698062937453
85 0.0069912094224
92 0.0299161394596
74 0.00719389470993
48 0.0860312075084
93 0.00657436409764
15 0.00343778641826
73 0.0202305619682
77 0.0415907217918
90 0.0010706695652
47 0.0115804985065
42 0.0312012055428
21 0.00214230372779
86 0.00244875569979
63 0.0117747787195
61 0.00763200099646
19 0.0491259282607
27 0.00812261766605
98 0.00811298310189
87 0.0348277853791
62 0.0726629653496
77 0.0484087477126
81 0.118876787072
91 0.0564350999464
85 0.0773002144133
39 0.00838996411923
96 0.0961825908243
46 0.0059083154535
64 0.00704311695821
95 0.00426795860617
29 0.0245921137962
98 0.0200365890876
36 0.0292274401229
8 0.00601872308015
66 0.00380012768817
78 0.00262666702561
48 0.00618114149108
66 0.027196942793
86 0.00441210601901
66 0.0130641903846
43 0.00854202693353
40 0.00291882154585
59 0.015573469976
72 0.0227093310028
12 0.0261851509772
39 0.000982829857599
36 0.0283973765811
29 0.00450949661594
1 0.0044086667513
90 0.00266286926227
40 0.00462979974049
41 0.0908018635616
66 0.0120759572918
86 0.0179305132057
72 0.000595233022872
83 0.00379418260128
19 0.00302005346943
100 0.015576681775
0.0580104237087 88
41 0.0043558325257
4 0.00206372114766
31 0.0255064922143
25 0.0375300013367
71 0.0037144929685
20 0.0601905579547
53 0.00659840616567
17 0.0642217135042
75 0.00397172195831
32 0.0259823030271
52 0.0517522838134
45 0.00073574392679
35 0.0166370489632
88 0.00316780779431
100 0.0306462495938
56 0.000893612788266
84 0.0128675905263
32 0.0462237428391
74 0.00104247994818
76 0.0155833548009
35 0.00396576264012
47 0.00361123298539
62 0.00795208177013
15 0.00693330397459
68 0.00184057437268
36 0.0504437715267
91 0.0368934341261
83 0.0487654677502
61 0.00178083816102
100 0.00309762905938
8 0.0193543087294
96 0.0152650554216
46 0.0237884861667
76 0.0124277182011
77 0.0194170667978
32 0.0191653858985
62 0.0240336689738
88 0.0131849487357
33 0.00269321407421
35 0.00500436003352
66 0.019680472545
5 0.00120484734904
99 0.00182743549801
31 0.0723331224577
30 0.000545727971643
30 0.00239625579619
81 0.0343868607037
50 0.034503912554
83 0.00963582407036
96 0.0531924714505
8 0.0352215420911
36 0.00547891244614
82 0.00479882126911
80 0.0409287758345
28 0.0271646539246
21 0.0022100663134
26 0.00279747074266
74 0.0010550679861
49 0.0202590907847
79 0.0184137847355
22 0.022855842622
11 0.00434041655729
63 0.0168404802664
83 0.0308507037846
37 0.00570359848776
62 0.0316111940604
61 0.0520896836127
33 0.000398433897156
84 0.0507630308162
63 0.00336814989919
77 0.00969633042189
12 0.0103731203346
93 0.00219003530462
8 0.00520509994387
60 0.00107836012304
17 0.000830769617795
58 0.00257119888054
40 0.00593072053858
67 0.0388771574939
64 0.0370623551389
9 0.01425692908
91 0.0130780323004
58 0.0215466183343
90 0.0103221351739
61 0.0074991549028
97 0.0356154737832
4 0.0102611269975
81 0.0312194021026
0.319992520627 74
48 0.0398277070416
94 0.0107000539588
2 0.0271594172119
34 0.0161812225939
57 0.00324115893809
51 0.0601207314148
80 0.00891585126492
65 0.0325546262435
34 0.119415820866
37 0.0092020918694
90 0.0786641394115
36 0.00581833172221
25 0.027797721911
34 0.0116097223558
60 0.00986446951074
27 0.016613009377
55 0.0233380522038
35 0.0140646902504
5 0.0502870464365
75 0.000933290845698
56 0.0417244576936
46 0.0140471053172
36 0.0172128965411
8 0.0208330855625
7 0.0645160256742
50 0.0298554797191
79 0.0109166588517
90 0.0265705608013
9 0.0103499159065
84 0.0436789906389
58 0.0409345320387
99 0.0171630891844
41 0.00391598235575
63 0.0360942496769
56 0.0178923765087
2 0.000108833699234
41 0.0336414180638
87 0.00117339829343
15 0.00116880211928
51 0.0112313746157
22 0.014876420496
16 0.0174017545174
88 0.0149918858344
28 0.01068154781
53 0.0143383201906
19 0.0140316462922
68 0.0239551098944
16 0.00587544476932
98 0.00268266232903
34 0.0257451247977
91 0.00786520301781
38 0.00948348621289
86 0.0104214780272
10 0.062643654538
80 0.0205552121472
19 0.0534016269615
68 0.00386924033274
45 0.0057407193431
34 0.0088504683932
96 0.0238249470298
60 0.100817683615
1 0.0204501923303
58 4.52475408012e-05
82 0.0399870625982
73 0.0106544475024
87 0.03347287639
42 0.00590920602578
96 0.00694012410734
36 0.0129999031994
94 0.0201621199363
78 0.0569992177296
86 0.011565841408
91 0.0241203637069
95 0.0204826110077
0.0596413803603 22
14 0.0121178634431
13 0.00673862458
79 0.01470210254
7 0.00817631585413
11 0.00326552739132
5 0.0354224606613
94 0.00961063663216
24 0.00292814206639
89 0.0443907825204
73 0.000892495813606
94 0.0314911951133
7 0.00871638858783
49 0.0834234839686
51 0.0113535253594
67 0.0603834080822
65 0.0461655786116
27 0.0101181985869
83 0.0101730086302
95 0.0187180543461
52 0.052445663757
8 0.0251935238202
90 0.0119617373304
0.135380318292 59
5 0.00336290790515
89 0.0555206264839
8 0.0209198379755
61 0.00334738387186
60 0.0137804455652
25 0.0107032059833
23 0.0119252343027
70 0.0197509154405
38 0.00756054799473
9 0.00158376957119
64 0.0270744281533
64 0.022264479094
90 0.0104463607888
19 0.0342921999866
74 0.0143227869693
54 0.0115742632835
65 0.00164377381288
34 0.0257204437282
41 0.0129348570095
54 0.0563310714046
80 0.00231921399439
34 0.0142009269085
77 0.0243643911152
8 0.0183571113862
86 0.0117213689826
69 0.00677169042673
45 0.0077617411433
11 0.0223746038953
100 0.045300273552
91 0.00142285642801
97 0.00710921065466
77 0.0151075638265
15 0.00538679416594
83 0.00768821621482
58 0.0113723389975
86 0.0127074413444
26 0.0546066035
96 0.00816738248525
97 0.000871790604317
94 0.0271566504542
10 0.00694582876323
81 0.0387036373467
68 0.00985194705432
96 0.0536665571856
98 0.00638370400244
28 0.0249747414163
62 0.0289733346947
60 0.00779852367852
23 0.0134481332686
28 0.0865872414363
90 0.0243926515852
13 0.0228294881111
47 0.0172410509917
59 0.00803399881977
100 0.00193597738165
92 0.0161330391677
54 0.0189893061927
24 0.0051469088587
91 0.0173991569002
0.0505460209553 41
17 0.0223569467694
38 0.0119353417179
10 0.0545507880905
99 0.000289230496088
99 0.00802475062281
47 0.0734190480433
11 0.000696658008116
24 0.00624351973944
30 0.0105912042575
44 0.0822330963676
5 0.0268176829075
6 0.0279454528708
96 0.0289283981492
48 0.0144077631461
85 0.000226261698651
23 0.016468770343
10 0.0165851549814
71 0.0088866402763
20 0.0217793264027
6 0.00559488561816
10 0.0152891223431
74 0.0258991086786
44 0.0411124410246
1 0.00194161226293
89 0.018437301515
73 0.0286946645432
11 0.0172623140498
39 0.0171202512301
76 0.0201522974775
65 0.00657486833183
23 0.00606638025723
42 0.00431881901641
6 0.00539604561068
31 0.000527681650566
26 0.0126841608871
67 0.0355570864179
43 0.000319392730574
43 0.00578268864626
50 0.0121887499853
55 0.0198619993259
44 0.0251205506041
0.0585608902673 89
79 0.0104909391825
35 0.012563009018
90 0.00607433036161
32 0.043417107728
32 0.00962044790611
78 0.0258230606341
38 0.0111567885402
75 0.0106335574573
30 0.023066900495
44 0.0126792433723
59 0.00393034285357
2 0.0266984977139
7 0.0187960179076
93 0.00425700013784
44 0.0106402184621
68 0.0310476752478
16 0.00518003679777
50 0.0177904462169
31 0.00300572592519
1 0.0120770496088
87 0.0369642782348
52 0.00173542919652
21 0.00208153455486
72 0.0474626625472
80 0.0181748190472
100 0.0177976544456
41 0.0114868455014
84 0.0142792015797
24 0.0704302035465
29 0.00475758190877
65 0.0135746714113
13 0.0049562063394
24 0.00204165236626
78 0.01353369915
76 0.0205161160092
30 0.0194679663801
6 0.0254439489404
5 0.0182441658431
19 0.00785499413952
76 0.00215553273948
67 0.00197128553504
66 0.0211190904069
30 0.0190642496598
35 0.00262994844559
37 0.0020444793274
36 0.0337337699265
89 0.0258171823504
21 0.00261203354122
99 0.0132768758176
81 0.0343147363645
20 0.0157388451635
5 0.00496298128136
80 0.00108900162959
56 0.00493151157076
95 0.0409822671428
81 0.0121637906987
42 0.00926638410628
88 0.011390111237
90 0.0253698456737
66 0.0298615950009
50 0.0231960933846
93 0.0326288188272
26 0.019580141121
46 0.00300156707633
48 0.00956928073673
85 0.00082311533491
30 0.00520723786465
32 0.0489358635516
81 0.000817418069412
18 0.0359986447725
67 0.0563349537046
49 0.0247517666995
2 0.0199037573136
60 0.0117399454583
78 0.0163882440904
59 0.0269247728375
2 0.0595913002721
29 0.00575730181991
4 0.0385753329186
50 0.0219756574828
9 0.000214465630676
34 0.00103897265321
25 0.0236038306609
36 0.0303376274783
30 0.0121712877209
5 0.0389230265757
94 0.00677646020062
33 0.0145856963178
4 0.00849091574755
0.0806341467453 55
30 0.00480739159265
65 0.0268287621576
47 0.0335837958711
19 0.0277012561619
61 0.0783902907119
43 0.00791005634639
30 0.00259146876409
53 0.00972219676062
29 0.00291788798521
71 0.00712273889534
2 0.0243045494018
47 0.0275374057177
62 0.0305085726818
28 0.0405307831593
19 0.0413026644268
16 0.00325374348632
14 0.0177940828985
36 0.00133565894332
23 0.013093904194
57 0.0414743865192
1 0.0242751682119
93 0.00645934368614
19 0.0855623691359
34 0.010568595431
68 0.0138796681939
13 0.00687851807013
33 0.0375259323315
20 0.0110852459528
32 0.0458283677737
34 0.0268344544397
66 0.00310449387779
29 0.00939375148154
85 0.0305589448752
37 0.056709949673
99 0.0122210524187
71 0.00942871675944
22 0.00696257123518
77 0.00114400453435
78 0.0216826796406
7 0.0579685826173
44 0.0376282553222
78 0.00500931765233
24 0.00123347037546
61 0.0037268490594
36 0.0515602037344
20 0.00212198733411
37 0.0106572804945
49 0.0141425530087
41 0.0385030913249
46 0.0156647854829
68 0.00360834135732
12 0.0243114523205
26 0.00812918715285
28 0.00624712253111
99 0.0579800178985
0.0812295024737 55
11 0.00186397935419
43 0.0188735818662
16 0.00604693384298
84 0.0100649036871
10 0.00714155389303
7 0.0457229406279
81 0.0086712821019
31 0.0528689356455
55 0.0300453990641
7 0.0463031586981
30 0.0139463655778
73 0.00827417302147
52 0.0186816889868
87 0.0192419688355
72 0.00235690086822
4 0.0182278466525
19 0.00334863435421
83 0.0228399607661
11 0.0340112598681
36 0.023618566849
93 0.0393869398069
94 0.000402016968966
19 0.0123831280807
25 0.0179654108658
73 0.00273136172092
34 0.000585551444178
74 0.023036693267
20 0.0664439115759
35 0.0248502983522
32 0.0146179214318
94 0.00433843286738
34 0.0012348315483
71 0.000529871898059
77 0.0188563833994
77 0.0199619480914
1 0.00477069623278
14 0.0069395469846
20 0.00137393937496
11 0.00021714366653
24 0.0200080690911
37 0.00931939786952
70 0.000392399434677
13 0.0362717024274
15 0.000142096338117
70 0.0032646463594
38 0.00166123887535
59 0.00330557758773
66 0.0809796365541
19 0.0185474585196
89 0.00441807613026
52 0.00997570168715
61 0.0131156534696
2 0.00681582722207
69 0.00729625551572
33 0.0152745175002
0.162535162891 87
68 0.0108732003204
19 0.0114040328542
21 0.00954921050901
95 0.0365620582344
22 0.0153014259032
95 0.00693980769174
55 0.0507884905663
82 0.0236646416473
10 0.0230019070763
85 0.010909273551
65 7.3176367682e-05
65 0.0118523706415
99 0.0135768228012
87 0.00797892119229
32 0.00147537419521
58 0.00405393575733
59 0.0148439125001
25 0.00196991708432
83 0.00117958218655
48 0.00823598967628
56 0.0110012168583
50 0.0263741104476
50 0.029249900731
99 0.0456001151289
58 0.0010474796461
69 0.0230288084514
66 0.0175392021454
80 0.0319544164662
58 0.00294231729237
26 0.0177209147496
68 0.0298564483912
94 0.034955750341
39 0.00724993266628
12 0.00676996707105
81 0.00243939383682
3 0.0221230011787
29 0.0196238709835
23 0.0172497771548
6 0.0272465023088
7 0.0728624968285
21 0.0279811044867
18 0.0273489944065
32 0.0401399049194
6 0.0333282007217
36 0.0311175851828
19 0.00632705820303
11 0.0172356180128
11 0.0098073393726
3 0.00071194396927
69 0.0410776443038
18 0.00959597237051
30 0.0134782347675
14 0.021002459387
66 0.0194058238029
89 0.0138426973569
41 0.00588950050326
71 0.0121897091921
92 0.0104560236048
72 0.00306753986094
31 0.0013810878551
64 0.0125653909374
76 0.0189764740713
35 0.0228493924992
43 0.00881596091898
22 0.00581593398541
26 0.0292658132331
63 0.00249472140274
43 0.0150394633649
100 0.0228560880318
71 0.00066995987289
73 0.0143100473898
98 0.00645149559886
29 0.00377608685597
38 0.00842514049743
64 0.0117357854477
37 0.017927690609
66 0.00264683901278
31 0.00491330616571
80 0.092973667299
53 0.00839682753101
99 0.004014188644
38 0.00528535266056
52 0.00223645012654
87 0.00609277273658
9 0.0162665440403
3 0.0557895075288
96 0.00310239186416
0.00337690847682 92
16 0.0537634399155
82 0.0129136656945
36 0.00426930326965
36 0.00888726237422
40 0.0181626326739
13 0.00100286235089
12 0.0814570685554
56 0.0292189551579
84 0.00672217219158
90 0.140346995336
89 0.00764504255152
28 0.0219200175809
88 0.00469193520957
56 0.0134859747829
87 0.00173919655635
58 0.0572348237352
14 0.0258472062873
69 0.000545931889456
82 0.00710727346413
91 0.0393810848251
82 0.00362965526896
51 0.0015684446406
1 0.00655973009616
86 0.00961635263868
76 0.0573344573215
90 0.00850258538048
8 0.00417734872894
99 0.0357193162362
32 0.0132975945626
31 0.0106078938133
100 0.00407501842111
88 0.0572423224425
77 0.0176773906597
89 0.00728954680165
94 0.00945891047987
36 0.0233882481515
6 0.021293796961
83 0.00956613555719
34 0.00631474239617
25 0.0766281734327
10 0.0201078875299
79 0.0339798088609
51 0.0119411533354
94 0.0347250870486
8 0.002156575055
84 0.00752589645344
94 0.115148675432
20 0.027954942898
77 0.0314484630897
71 0.0312400421421
24 0.0837661292367
47 0.0199331711858
28 0.0123869295585
46 0.00486928977467
16 0.0122366996076
83 0.00855067153029
5 0.0155825787313
52 0.0312973255778
1 0.00709128684567
43 0.0348536393018
91 0.000330872899231
50 0.0674447135451
91 0.0186815160806
28 0.052501873815
33 0.00872472555549
46 0.0183071424201
53 0.0241164114394
46 0.0289251493045
60 0.00523068696526
33 0.00715436497663
39 0.000608908709638
16 0.00762513464309
19 0.0106250776334
26 0.0386959930828
68 0.0691871120976
76 0.0143591851721
49 0.0117321320949
94 0.0361287705374
24 0.0291892598705
41 0.00130622713192
19 0.0465718778157
54 0.0183801193875
7 0.00286186502691
37 0.014062870946
74 0.0170737428919
83 0.00820770473903
29 0.0715309398606
94 0.00193118489628
63 0.0490589596754
54 0.00378277259441
28 0.00210750831519
45 0.0207749185193
0.150612893967 32
13 0.0634866701809
21 0.0358373028962
56 0.0192370620352
11 0.0043233128985
12 0.00112634880492
71 0.00262525964551
77 0.0170337909786
8 0.0311359761062
48 0.00198711867313
80 0.00413968724456
86 0.0271051244694
43 0.0454930763522
88 0.0185815095044
3 0.0362774287337
62 0.0114537478774
19 0.000263640730111
81 0.0253811404366
11 0.0171483641315
7 0.000123229706336
97 0.00604814691023
91 0.00523575683486
56 0.000215561700662
48 0.021690234774
69 0.00192348982468
9 0.0112559382413
27 0.0673107072637
54 0.0414060622771
54 0.0504132586457
22 0.0124887045282
86 0.022260123966
65 0.0348693694656
60 0.037712863348
0.0159848090043 16
47 0.0344985640261
31 0.0231492222019
85 0.00851416282139
76 0.052317808869
3 0.00472675827049
39 0.0355831860525
45 0.0496558549465
4 0.00947730125958
32 0.0014484629722
14 0.00549255735737
81 0.00335024343368
47 0.0346367067053
90 0.0258066932916
16 0.020804043139
51 0.0277612631189
53 0.0179775108263
0.0967781991296 39
26 0.0169123365042
98 0.00974651330744
2 0.00712771985882
68 0.0183453682347
40 0.0196251469982
40 0.041458552145
98 0.0390727979182
13 0.0382819953967
44 0.0737888557405
78 0.0292791324613
53 0.00156441017275
98 0.0453750149132
48 0.0249899892269
67 0.0192827464412
76 0.0151221668033
45 0.000685487781654
62 0.0503766288582
30 0.000962619707352
86 0.00464188736841
31 0.0096880621488
17 0.052933376071
45 0.00435668410313
45 0.0829707460305
31 0.0218002615008
54 0.102916120531
65 0.000449008424844
77 0.0376251941278
38 0.0167260930463
2 0.00567508318459
91 0.0121804687732
14 0.00648672824185
18 0.00510742040866
44 0.00671434194896
8 0.0369143226088
5 0.0303766407429
83 0.0736501020196
27 0.000135656015437
25 0.0109174042185
23 0.0049877157615
0.0777387834928 66
34 0.00510080670266
56 0.00714764815511
67 0.000598434021633
76 0.00292587989893
87 0.00480295269436
77 0.0199887499283
41 0.0639954328614
11 0.00482996559157
51 0.0245338733634
93 0.000619620864696
6 0.00268890834204
42 0.00298747838423
86 0.00223436509061
73 0.00255244199056
51 0.0038543340637
51 0.0211809228309
85 0.0146911888761
12 0.025668547791
83 0.0108674710903
40 0.0413867516324
81 0.0102591930957
51 0.0568650981265
55 0.0101433791805
76 0.0239636201505
52 0.101990989625
48 0.00573735358462
25 0.0303079743367
32 0.0148242980901
63 0.0223425786277
55 0.0250338467093
57 0.0281539203661
83 0.00199548758738
15 0.00158750569717
9 0.0164813774037
82 0.0203849048752
44 0.00490706694348
27 0.0177902454668
17 0.00740252402654
21 0.0039044188714
100 0.00942890218184
61 0.00686449887594
98 0.0484351192179
68 0.00654811345318
46 0.0207324104817
35 0.0169721936623
76 0.0171033167423
61 0.00121104673048
68 0.00192496094974
14 0.0145209652759
44 0.0224693588185
99 0.0284469661832
44 0.00937592684589
6 0.0342749652423
55 0.00812715296452
37 0.000826638361564
27 0.0026813680592
3 0.0448931540565
21 0.00194593798258
28 0.00838238630064
89 0.0125866575295
87 0.00207395041464
22 0.018813408755
20 0.0189515107472
47 0.0865757309706
18 0.00460436844541
68 0.00203525774035
0.024976431207 2
99 0.00116304164054
100 0.0257276408365
0.266319537678 10
71 0.0019543422739
47 0.0237492351968
80 0.0131947853617
44 0.00922645872261
86 1.86762721438e-05
36 0.0260542743011
66 0.0348127917137
29 0.00977205939831
34 0.0156954350078
80 0.0227932809557
0.0130057101231 88
1 0.00276040592047
10 0.0025601383523
49 0.00656583906852
67 0.0106065216815
16 0.0120509129614
5 0.0143570986027
90 0.0140964051389
79 0.000127170185788
11 0.0212805249817
5 0.0531795122149
99 0.00060940634188
68 0.0239611490039
23 0.000592949121019
30 0.0377944202149
9 0.0226036835999
79 0.0711485146196
81 0.00906723117765
73 0.0188738405179
72 0.0044560893959
61 0.0851473678607
31 0.00810048889739
65 0.00615458255558
2 0.0385548096205
34 0.0282691151506
77 0.00067966624559
82 0.00629335352495
92 0.030196632799
75 0.00238390038399
18 0.0496761438255
67 0.0180749375859
80 0.00242699964598
54 0.00702845790576
93 0.0344232742594
41 0.0300692839747
21 0.00040683378213
91 0.00598764173001
39 0.00546241544851
42 0.0210852729384
97 0.00253945018218
42 0.0143415235211
27 0.00767029047067
98 0.00856793901708
9 0.00836070106584
34 0.00134346125481
28 0.00620892011483
82 0.0323692930724
52 0.078180856455
10 0.0465425973309
6 0.0210718589937
81 0.021066495579
92 0.00039894955031
44 0.00499082434027
29 0.0781299342742
70 0.012520745184
54 0.0210369460153
88 0.00313768726093
13 0.00630464051664
32 0.0173474562863
4 0.0449242016266
33 0.00566405820219
42 0.00631197273075
72 0.00517536097262
56 0.0291701893941
18 0.0201505631548
19 0.0170765516599
63 0.0541171148262
19 0.0203529550564
95 0.0552767036822
9 0.016226618873
83 0.00456000740051
48 0.0137077643718
25 0.00250037441468
24 0.0185472395108
67 0.00174743319121
53 0.0541906138506
37 0.019526873092
28 0.0547356335675
56 0.0116620607571
74 0.0559035877748
70 0.0135014577831
75 0.0523779822676
100 0.0237653551662
35 0.0403010450111
1 0.0201763852897
89 0.0164197308809
91 0.0410097178914
16 0.00935849747469
11 0.01678785045
0.0450067082397 51
38 0.0166843474205
98 0.00977711624793
21 0.0143823885734
86 0.00355589297988
46 0.00850347036298
47 0.012331542992
2 0.0201908248618
32 0.00318113342476
36 0.0220384245754
66 0.0257948700199
71 0.00136744291317
27 0.00390201719982
78 0.0236225390408
11 0.00629058559441
80 1.70945704679e-06
25 0.0145568605396
88 0.00733191402671
29 0.0127506964684
31 0.00143391776489
93 0.069778299931
36 0.024743384114
14 0.00731377867789
76 0.0908890903136
59 0.00222049189316
83 0.000215732340214
83 0.030406737346
72 0.0582588254297
28 0.00592329235751
38 0.00473146519875
71 0.0395908627083
98 0.00883054947886
70 0.055129796696
51 0.0178853685145
86 0.00102096542998
21 0.0520829806757
67 0.0220031402609
8 0.00886088937276
61 0.00355576091216
65 0.00122801703419
62 0.00654690910393
21 0.0498239025508
48 0.00566615090974
31 0.0367446522356
49 0.0683160173466
52 0.000811516730941
43 0.0265412929657
78 0.0274674922379
54 0.0219740461053
14 0.014857507981
11 0.00157337669867
63 0.0284733792287
0.089454946827 99
58 0.0386629951957
62 0.0206158022326
34 0.0312651184809
1 0.00368659896012
12 0.00443740044868
63 0.0241334846662
30 0.00572853921168
43 0.0213424655964
100 0.022518630397
90 0.0309661663396
48 0.029307796805
19 0.000146064256394
94 0.0032945081902
52 0.00986044022265
41 0.0258232896836
22 0.00379026561474
9 0.00353834230244
94 0.0183168573189
21 0.0218400845
88 0.0239319464057
63 0.0115560013812
56 0.00537427167723
16 0.0125343010786
64 0.0127097897499
74 0.0103676178118
31 0.0221873013035
38 0.0102560529017
83 0.00292361754427
42 0.00408632652161
47 0.00849098467393
92 0.0102274471376
9 0.0286183094199
7 0.0024743319737
66 0.00919325613766
3 0.0183597068655
58 0.0042823592357
72 0.002540155486
39 0.00160664457209
32 0.00185332252559
30 0.0123045404378
14 0.0116638775077
98 0.0109257373743
24 0.0124459201045
48 0.00893010103535
65 0.00308954340296
62 0.0104583894385
47 0.0162710893081
62 0.167202122605
12 0.00952768502655
85 0.0117885825029
21 0.0143715133129
32 0.00751841305189
1 0.022510399502
79 0.00891700719903
6 0.00679470510016
34 0.0340494190449
72 0.0371542278453
90 0.0118803532606
7 0.0364556203602
21 0.0106868110386
93 0.00755367849726
29 0.000820696907765
46 0.00857279356495
88 0.00764483694668
54 0.0161174391096
20 0.0121512250344
56 0.00736093415257
93 0.0687969012773
76 0.0114165409955
65 0.0154202856529
33 0.0297092834762
15 0.0261677950456
42 0.013017842813
40 0.0101411013077
62 0.00134813546452
72 0.0139497143302
89 0.0140772402903
44 0.0220680446664
50 0.00680722934902
34 0.012119518316
72 0.0200866663409
44 0.0150101868717
78 0.0176615307562
96 0.0113279044808
38 0.0222593784821
69 0.00918582654713
42 0.0069681537765
75 0.0076899763822
42 0.00655943750663
15 0.000301104501326
60 0.00882300815905
60 0.00937235028136
63 0.0315060785964
19 0.0160813166513
58 0.00105093871351
58 0.00753720121145
6 0.0608192068881
22 0.0220985091833
14 0.02888887648
0.116591358827 71
58 0.0302411115015
42 0.000420260438665
30 0.0173438974648
23 0.0038698504444
94 0.000838646408193
28 0.0459588618669
47 0.0585679248998
99 0.0694463786333
16 0.0483613222405
26 0.00724070659188
44 0.0194572499762
29 0.00949116066341
37 0.00445485590684
25 0.0512626029831
58 0.00703592609444
8 0.0233494090331
16 0.0115742230981
69 0.0118181712169
39 0.0115010131534
49 0.0123587566011
80 0.0632975923552
38 0.0297210031959
99 0.100023369455
22 0.00194814103153
6 0.0087813826751
36 0.00554826237766
73 0.0123667462036
14 0.018216934926
91 0.0174001011085
54 0.0166558946178
28 0.0119447299545
71 0.00503893783287
97 0.0082207374941
97 0.0285687075803
23 0.014226259293
70 0.00167964411807
57 0.0266979243303
36 0.0169648525173
3 0.00485700357151
33 0.0262681873662
36 0.0299197220277
1 0.00946408394546
44 0.0203033654297
36 0.0187916405988
33 0.0155365973101
85 0.00178019095706
17 0.0202016330208
97 0.00602988813335
57 0.0368709050539
71 0.0200677917387
96 0.00838502030153
81 0.0422164581128
70 0.00122339452774
58 0.0227833940139
43 0.0052919950022
57 0.0290147434034
44 0.0248966485208
57 0.0240687980119
96 0.00262303825692
85 0.0346023465806
23 0.00719135740466
49 0.00324265532454
66 0.0399466429536
82 0.00772396096699
63 0.00356532082547
75 0.000632742930804
34 0.0128792496065
44 0.00377401757941
65 0.0128780231368
43 0.0099734021879
4 0.0297301240103
0.0512294365162 91
53 0.0279598291669
66 0.0061007331795
58 0.00503675038229
75 0.0303948435641
16 0.0281102219014
68 0.00126442473066
79 0.0178909589566
59 0.01208038356
43 0.0252961041767
21 0.0353933488209
25 0.0111844190287
61 0.0279393257515
12 0.0146360387811
51 0.00448578005258
51 0.00181758552764
3 0.00608086971854
78 0.00594576096774
11 0.0165507570149
13 0.0233971836455
56 0.0497101875154
36 0.0122258893795
22 0.0201767012599
58 0.0067203078423
97 0.0388113225825
37 0.018629260747
1 0.00735465082063
44 0.00884321906252
22 0.049556122604
9 0.0372020913509
4 0.00487449842284
29 0.047229839028
1 0.0139586941619
12 0.00130783565899
1 0.00700317027258
82 0.00819948600964
86 0.0103126713466
36 0.0381666065319
97 0.00901626275529
48 0.00352883380571
22 0.0145047470989
66 0.016423852032
86 0.00333360001048
52 0.0112029799236
8 0.0476430603378
67 0.000897931837
70 0.00557633170155
38 0.0292561269538
55 0.00706799794736
93 0.0478899134708
54 0.0026548475082
80 0.00973637232561
21 0.0321594437888
4 0.00819853863717
16 0.0314207214029
50 0.0016723307839
39 0.00740823629987
6 0.0279402998275
54 0.0333559520359
88 0.00814977086819
70 0.0285252137493
36 0.0117356116566
18 0.0319419057191
6 0.00143976739957
68 0.0313470878829
67 0.0177093935958
53 0.0567623888511
32 0.0713866657558
15 0.0102215836858
100 0.026804342777
2 0.0077874781195
5 0.0120132739593
13 0.0186769970699
1 0.010174335811
18 0.0225102201827
41 0.0108675363918
14 0.000712259007999
53 0.103762137279
46 0.00542236705504
66 0.016822768573
36 0.0448244696475
59 0.0187431884794
7 0.0356941960024
24 0.0125190556889
84 0.0449867575328
78 9.31374249652e-05
36 0.033361459388
16 0.0125158127277
86 0.00170619655498
11 0.0569115153386
96 0.00166507466248
3 0.00677366036721
0.0265594740396 54
71 0.0274470476392
21 0.0003445210101
64 0.000519004015939
52 0.00166804081671
56 0.0769421786017
20 0.00824868030423
90 0.00217898363438
98 0.0240649335855
96 0.0182744235807
37 0.0386041595349
92 0.0174614291138
13 0.0181505362263
81 0.00729991973617
66 0.00480266412191
58 0.0602514343631
70 0.0050976619421
72 0.0341587199381
23 0.0102893804188
52 0.0196653867321
65 0.0558867505175
50 0.010853383404
30 0.000305599113917
16 0.000322340836791
41 0.00656512141085
43 0.0120559463481
26 0.102309503196
32 0.00635716184304
65 0.0213346311645
57 0.0401578600874
36 0.00976245945869
64 0.00873192183078
71 0.0143228386011
50 0.0347986440646
73 0.00306689228977
34 0.00230181505422
22 0.000389964557055
43 0.0682578222443
1 0.00102320437939
16 0.00245068847249
52 0.00405977533259
23 0.0232237721116
98 0.0182123121044
29 0.00250139593291
33 0.0286011098139
93 0.0258996960455
69 0.00257267779854
45 0.0312443931407
6 0.00307728095951
76 0.0271567215508
76 0.0445302544093
16 0.0480693998242
88 0.0147273521671
47 0.035216828946
51 0.0161637344993
0.0466964567907 17
84 0.0163143326511
44 0.0160972585061
43 0.0125531792541
41 0.00731840923641
93 0.0156286755743
91 0.00255367598455
48 0.0169144956754
24 0.0428401865309
21 0.00241352147099
40 0.0169749648857
83 0.0570150574269
26 0.0265638705064
79 0.00767275334885
30 0.0326088405546
8 0.0287227850454
35 0.0744148929447
94 0.00446260728612
0.015353661111 22
47 0.0174624378272
55 0.015811943706
33 0.00879543056523
49 0.0176960117498
65 0.0384495102992
21 0.00581458888605
49 0.0033997854705
89 0.015516691152
4 0.0123081665429
9 0.0304523271219
28 0.000731190344617
64 0.0328220165885
11 0.0364414162011
65 0.00328493950113
69 0.00872930172346
60 0.0218538048936
51 0.0391108331642
77 0.0428066958738
100 0.0826315640406
30 0.00549847123568
46 0.0169812495147
50 0.0815890288164
0.0410536259651 70
26 0.00959275596156
30 0.0393931662212
32 0.0539710916294
39 0.0305750457768
26 0.0306962368835
96 0.00812306416175
79 0.00795425326702
93 0.00890776851042
2 0.0197576993695
10 0.00699882836581
12 0.0330603093237
1 0.0374435260622
83 0.00992774319578
43 0.0087944789008
55 0.0300039429208
97 0.0355798843607
72 0.0105952861758
55 0.0140568324753
78 0.00553102029063
33 0.0219592092326
31 0.014257846344
91 0.00379564856144
40 0.00823209085207
51 0.0161938283609
99 0.0102769193381
18 0.0126348875381
49 0.0230871640137
99 0.00850879034098
89 0.0301542321936
94 0.0186802189178
61 0.00832583994371
10 0.00316603129841
80 0.00309998673276
53 0.0205387450788
64 0.00970930275184
67 0.010305377242
65 0.0160235609818
59 0.111186619993
8 0.00958122848658
73 0.00400385328543
64 0.00522313289305
68 0.0610189274892
17 0.00357050153195
70 9.8896498423e-05
17 0.00207259762748
12 0.000257019093187
24 0.00579651042568
55 0.00213250564563
28 0.0692633328928
26 0.0167038847743
57 0.02986951801
6 0.0654512519244
59 0.0153978326748
91 0.0123943225433
32 0.0284113691609
9 0.0367495679227
94 0.0507495190789
86 0.00845142228101
96 0.0113266660633
8 0.0132020737831
28 0.0012652035289
24 0.0902202276463
23 0.00470870912474
98 0.0412571133877
96 0.00992086993904
7 0.000433264726387
80 0.0168936434102
90 0.00253778122657
16 0.0166255929013
52 0.0658826320125
0.123910814661 43
34 0.00401422386993
16 0.0179660462114
61 0.0673648398892
10 0.00213943488524
39 0.00715558163568
96 0.00184167132823
21 0.0308782212842
9 0.0736210880993
95 0.000864973148463
33 0.00537852854671
93 0.0265169405362
52 0.00549059286404
95 0.0264531419984
61 0.00123765103926
95 0.00651225526562
80 0.00202680320546
37 0.0151281024656
69 0.0293286819486
60 0.0125041455515
47 0.0343996472639
90 0.00309631540308
81 0.0134276352921
2 0.0126941457449
52 0.043990345495
55 0.0106878472089
1 0.0254139973931
91 0.04786803861
54 0.00247791465804
52 0.0552112453862
14 0.00957384952761
66 0.00257689120838
84 0.0591683685191
2 0.0317288057649
64 0.00337671722087
83 0.0135435382188
24 0.0707460859676
77 0.0386468784798
93 0.0325069751917
90 0.0154418749103
5 0.0102589457999
53 0.0309069080088
91 0.00255380230473
18 0.00537186194642
0.0733702730256 62
46 0.0108108086747
17 0.0474591693304
41 0.00265135514743
82 0.0145197981887
5 0.0222796647145
67 0.0157413470745
77 0.0274877941298
10 0.0254196262787
12 0.0112472445963
16 0.0283594039388
28 0.0220745850847
36 0.000988382539276
54 0.0303582112808
77 0.0144521366256
52 0.0303536945902
80 0.00379951552105
44 0.0196196638075
12 0.0214903196978
72 0.00898496077802
85 0.0197594255917
86 0.0338047959004
51 0.0303264661295
41 0.0512746425125
52 0.00821968686427
37 0.000851780846149
65 0.0458278663601
49 0.00707528769888
9 0.00374457132149
18 0.012686131409
31 0.00335892751341
74 0.000181208907049
62 0.0126856540735
100 0.0151169806698
82 0.0234496206375
13 0.000887385215874
39 0.000440769628483
48 0.00552169204119
9 0.0350297479141
75 0.0299554305229
23 0.0119952179803
43 0.0145484062368
20 0.0156675846506
93 0.00827931214223
80 0.0419619256453
50 0.00488049087609
93 0.0120796597534
92 0.00524201533402
21 0.0231185377835
16 0.0357149792935
74 0.0195646673862
87 0.0247440320471
53 0.00113378151686
53 0.0450491627193
6 0.000935612518319
28 0.0619716812674
80 0.0119095909118
66 0.00681191944602
80 0.00176207864378
43 0.00189782655949
8 0.0016268437148
54 0.00378085570368
59 0.0043714703848
0.00951509811452 44
24 0.0142750355661
80 0.0172176697131
15 0.0120727903254
5 0.0309827419254
90 0.00581710884985
47 0.017227002165
96 0.0123770874552
95 0.000182125953819
20 0.00230841706544
62 0.0140208967356
9 0.0442017270939
77 0.00442891024227
71 0.00237261845804
65 0.00313906542609
6 0.0104892568436
61 0.00833844571708
99 0.0109243254425
99 0.0152441514656
91 0.0530432352564
35 0.000751102759447
84 0.0171128530402
76 0.00433050038079
62 0.0473274222442
32 0.00823369305176
79 0.0711551896954
97 0.00226248568634
81 0.0183583492736
52 0.00638351570617
91 0.0187480568453
52 0.0304480257459
81 0.0124522240094
74 0.00568033793536
43 0.0140676135061
99 0.0157548823472
32 0.0226331327754
17 0.00953263898448
51 0.0249047922694
32 0.00143340608546
53 0.0455541085464
15 0.00786848942748
72 0.0236928993185
61 0.0367944843795
54 0.00556555624187
60 0.0401070208613
0.00559712339124 63
25 0.0433694472747
79 0.0122753838511
94 0.00357653283852
52 0.0172020463662
35 0.0253796922958
10 0.0151034560633
40 0.00940838386717
49 0.0288231028323
11 0.0219061690986
67 0.0101689502802
21 0.0188459146307
91 0.00813226594551
30 0.0166235676039
96 0.00460907683392
8 0.0147030498219
44 0.0144945563519
75 0.0163355834132
59 8.76238967587e-05
58 0.0390529230972
88 0.0250725186785
1 0.0191170133619
16 0.000929977851368
40 0.0154931567031
7 0.0221883868432
61 0.0462196483035
64 0.0180950650271
91 0.0062913016103
53 0.052027903599
35 0.048538529899
33 0.0378419328872
53 0.00756490097883
4 0.00200493655217
2 0.0321505804351
62 0.000741774549187
20 0.024138109932
61 0.0198204711663
64 0.0316235695703
39 0.0130094517166
42 0.00858868875355
46 0.0298704133637
50 0.0239873238059
31 0.0398830854415
17 0.0241230670906
85 0.0140505983452
22 0.00277060206397
60 0.0207091333844
53 0.00086392483742
54 0.0138457440503
70 0.0771056106565
8 0.00370358868703
44 0.0230059732819
42 0.000530323478081
84 0.00719486402299
46 0.0146531069353
55 0.0460536749812
36 0.0189031084842
60 0.00715686415005
82 0.0191150353046
39 0.0140325375178
2 0.0244749517216
50 0.000129436059852
24 0.0409147009087
8 0.00372255273546
0.340159292029 56
84 0.113318386821
32 0.0208700573436
19 0.0240401187615
4 0.0411559552418
1 0.00334922526614
44 0.0488767364107
59 0.00821537442149
84 0.00780635683733
58 0.0263662400194
1 0.00150682674843
53 0.0107392275899
79 0.019091075026
66 0.0194975696188
92 0.0051393112074
57 0.00148118489712
59 0.0375062253422
29 0.0280164745416
98 0.00568491278311
45 0.00873160577123
9 0.011861268287
3 0.0212168135385
13 0.0255117384697
86 0.0846737184605
61 0.00697130423108
98 0.0133991479936
42 0.000127064167126
61 0.00703294327932
44 0.00121758420212
35 0.00707477030904
34 0.0352021487333
95 0.0021856298782
2 0.0058677512196
22 0.00316432876934
77 0.00950350426217
46 0.0227300298872
45 0.0499153150389
98 0.0284269455454
31 0.0056442533678
26 0.000387210533218
33 0.00888088126434
85 0.0157827898
84 0.00972114424291
1 0.0181949156712
87 0.00421260486976
29 0.0287635601662
30 0.0295290639841
57 0.00624512359652
94 0.0124157766666
59 0.0625474158125
26 0.00661120066123
46 0.0393818657813
88 0.0277882403449
32 0.0342318317559
10 0.0128549809906
89 0.0645562063307
48 0.00629002537045
0.0456955173129 91
77 0.00798194591811
70 0.0367636667543
75 0.0341649949394
50 0.0347660883891
44 0.0211427670784
10 0.0037609447308
76 0.00807284325375
54 0.00800826964883
31 0.0608204653977
38 0.0116584087311
88 0.00169799119999
23 0.0286336194122
97 0.0277384794774
15 0.0619942005665
100 0.00424010945303
43 0.0420577605856
52 0.120204537481
80 0.0635925818023
84 0.0133599991666
21 0.00602731038944
87 0.0134257192741
12 0.014084279864
57 0.037793444006
5 0.0176066339023
95 0.000512330312363
69 0.00517755003206
98 0.0543869319431
59 0.0333604018647
17 0.0181733339603
22 0.00485656491525
29 0.00782583490591
84 0.017482798976
23 0.0043848488621
77 0.0351603340267
34 0.0114145957505
38 0.00500924731826
29 0.00356475118358
88 0.0482656119849
14 0.0346251041476
63 0.0459344865422
51 0.0149196495777
57 0.0251306279688
51 0.0302473835362
59 0.00812531595379
27 0.0177019156971
30 0.000269728255086
73 0.0311706801563
23 0.0613746775311
97 0.0105492904237
53 0.0151315398927
46 0.0102818298068
81 0.0214602456453
24 0.0410738027766
61 0.0830805657795
31 0.0301902196744
51 0.000576916744381
19 0.0134740085402
98 0.0419438576615
64 0.0160671327759
22 0.0278380781559
37 0.0251350138629
76 0.0118640769368
79 0.0311423849806
72 0.0113206355267
95 0.111526424639
49 0.000269079586962
86 0.0299074502797
95 0.0159375515638
10 0.0172974232488
35 0.0112596012412
44 0.0271105763908
6 0.00868371462819
90 0.0172412403963
13 0.0303599886145
92 0.0221099221674
30 0.0656156413353
74 0.0131164859807
46 0.00911975900319
75 0.00213048275268
51 0.011568342066
26 0.0238310841902
72 0.0232519349632
36 0.142957953403
80 0.00836928140787
10 0.00257760393903
89 0.00437691779167
100 0.00638153357752
75 0.0146387374975
51 0.00530236176971
58 0.00378954969103
1 0.00331121710977
0.0101062129973 42
66 0.0204201455424
71 0.0566169739396
59 0.00690548134107
55 0.058102938703
35 0.00159367653634
54 0.034083369048
16 0.00924670280776
92 0.0259310656214
21 0.0502752730642
81 0.00124396161839
51 0.00812366859485
23 0.0301847970137
97 0.0563809154866
99 0.00934685898692
73 0.0283933243532
86 0.00594335530272
60 0.0133450331267
50 0.0209617350598
19 0.03160084306
56 0.0067547896256
75 0.000206168341727
28 0.0306481348165
64 0.0452173696066
13 0.00500835270327
12 0.0388170834057
7 0.0143052951842
89 0.00250714878953
90 0.00440407225342
42 0.0428778853341
16 0.00340928796866
92 0.0191409574629
66 0.0101377401785
7 0.00773226738578
34 0.00227713590699
84 0.023548488951
48 0.000860270128052
100 0.0306855648239
58 0.0191879168323
43 0.00932684096849
10 0.00191400070173
2 0.00386037899989
75 0.00579330686355
0.0343836084507 10
34 0.000616548821104
67 0.129907690994
19 0.0105164370044
98 0.0272920009521
40 0.000823950401627
28 0.0469845558087
30 0.0176844464901
60 0.0036144463576
2 0.0440770230043
2 0.0156866859141
0.105975105653 56
33 0.0151711271794
82 0.010494255388
20 0.00478135347386
7 0.0046723401831
26 0.0127564375442
98 0.0254400127705
13 0.0374499765732
35 0.0597175568338
27 0.0147074137236
78 0.0184655425022
46 0.00351805416939
94 0.00805130602619
86 0.00519616725832
61 0.0120820503591
42 0.0322717009615
51 0.00222697732828
93 0.0291856800918
13 0.0510591696071
37 0.047317292607
89 0.00441215145602
42 0.0100122595813
90 0.0649261978133
55 0.0193903697388
95 0.0276632502661
46 0.0106614486091
72 0.0367123336177
88 0.0161975712809
33 0.0114691332918
46 0.0321895094083
88 0.00751566770115
18 0.00158870415348
74 0.00273064188152
11 0.00238497691241
100 0.0115330477419
91 0.00313027855444
15 0.0433070770776
67 0.00964081123204
39 0.00865180522551
62 0.0539271591196
42 0.00169560114803
74 0.0108704814461
96 0.00452145869858
82 0.0326424182988
31 0.00153270938315
52 0.000559400739826
93 0.0492080297719
37 0.00844563973688
100 0.00956485540041
55 0.0153765116257
67 0.0013402268438
99 0.0469538098486
94 0.0148960989367
24 0.0145219651614
34 0.0221790215391
32 0.00612248068507
15 0.0279931321541
0.193904847192 25
68 0.0127556228294
86 0.0133368269801
4 0.0115905723799
81 0.0208282582555
66 0.0159416299424
91 0.011252176398
46 0.0198354891579
6 0.0193184479436
84 0.002431145166
86 0.00473146836274
31 0.0376515891264
37 0.0411150874858
94 0.0808928856592
16 0.0158073324226
73 0.0016356044502
51 0.00410002578865
18 0.0115770927305
79 0.00620650641947
44 0.00599749409371
37 0.0203800672517
70 0.0436303095679
46 0.0158255701716
26 0.016932150174
7 0.0430444740472
64 0.000976092960561
0.0138233290326 52
45 0.00759526399649
43 0.00497797640434
9 0.0377150066529
83 0.0149977475562
5 0.0191313842444
18 0.0430448058004
73 0.00487822255357
72 0.0185492522994
64 0.0117887806116
25 0.031698702124
39 0.00134326476495
2 0.0615098037317
11 0.0378356403725
43 0.00419792414587
92 0.00663583382452
82 0.00342738434634
46 0.00879984498054
63 0.00112550529593
52 0.00144919809402
39 0.012441080188
89 0.0277042477264
57 0.0127710901371
74 0.000547535834153
49 0.00850870241008
8 0.00705433865417
73 0.031230994918
74 0.000594149969564
29 0.00439656797503
69 0.0454921758833
51 0.0101175456223
85 0.00342939651052
73 0.0155287573279
85 0.0237115785922
91 0.00912802844698
19 0.00946599615634
3 0.0152846333401
32 0.0414097574532
12 0.00382035505592
2 0.0130045696169
99 0.047689779128
12 0.00236387070478
4 0.0658044920395
71 0.012100368091
18 0.00103421793206
63 0.0112334389864
84 0.0108502193928
87 0.0143870462498
42 0.043838299782
58 0.00740312682586
24 0.00141042458976
65 0.00360787889233
56 0.00798500806403
0.0773853954377 49
19 0.00589676896048
48 0.0210301631083
13 0.00373860825094
14 0.0359042470924
33 0.00215584873965
81 0.00284665955346
13 0.0323561901557
93 0.00169570064645
94 0.0475516609302
29 0.000704892384755
86 0.00163551854153
26 0.0208506196121
10 0.00931898344327
74 0.0235630688396
67 0.042921831795
89 0.0112001249021
96 0.00356057797651
20 0.0708290732052
12 0.0277457476653
3 0.00678097792149
14 0.0194748789565
97 0.00151924982148
69 0.00602844520527
6 0.000269986518357
88 0.0143944809776
53 0.0157440060172
50 0.0114613173647
89 0.0496779756839
58 0.0290476057597
70 0.00380939253326
61 0.0100397208078
77 0.00988983173052
42 0.0264127664048
30 0.0183754384506
37 0.00686777881082
100 0.0156551816291
47 0.0146350737943
37 0.00904434688847
57 0.00601790063948
91 0.00328689779822
88 0.00264887402088
26 0.00288421519081
23 0.00350135376752
85 0.0142480781563
4 0.0824581260774
88 0.0677315279196
42 0.0121281839107
38 0.0641914377951
91 0.00557136037703
0.0618852141503 68
64 0.00740440772353
29 0.0346614728107
63 0.0163908593066
14 0.0266702359138
99 0.0183371655413
79 0.012228973407
57 0.0604857194365
1 0.0577613311453
51 0.0707751198231
48 0.000150441657433
12 0.0236733689902
34 0.0187662173099
71 0.000358062796879
91 0.0353534441808
73 0.0245868171674
41 0.000364773508643
57 0.00488813917467
17 0.00374055904193
52 0.0751348618937
14 0.0516360880012
86 0.0116568056318
24 0.00443335285155
97 0.0456116628064
9 0.0256076395805
52 0.113156477092
7 0.022657036097
39 0.0574380842809
92 0.0241148153418
72 0.02782671331
7 0.00372801776832
47 0.0117609416534
49 0.0469854290057
10 0.0352807801261
26 0.0243166042222
65 0.0213390416876
23 0.0213305438655
20 0.0394740102893
70 0.000971470925017
40 0.0277074635284
53 0.00353515367197
85 0.0340409295724
57 0.0159078684918
76 0.0412105288796
91 0.00907387743863
100 0.0133168457509
72 0.0121201946435
99 0.0135843449278
78 0.0504385525386
23 0.0270542277882
1 0.0544548235084
95 0.0372720999339
38 0.00101271236877
67 0.0101485365634
30 0.00308474681397
36 0.0211409894424
100 0.0159762015774
47 0.0050136574005
4 0.0124443740899
90 0.0109413225255
91 0.00461826495473
76 0.0502643759365
2 0.005556145194
2 0.0126513216347
92 0.0749840690997
32 0.0063205828547
92 0.095082343394
32 0.014744440985
46 0.0197708822211
0.129001479157 91
63 0.00714591681238
1 0.00582232467962
73 0.00467542712464
91 0.00450820626877
61 0.000155079669053
77 0.0389849141587
55 0.0160192996375
48 0.0119964853593
99 0.00554989922713
100 0.00613046187257
45 0.0345836176827
35 0.00281080157432
21 0.105309579636
62 0.0131468020538
22 0.0539534904702
10 0.0053700308889
54 0.00329518657222
61 0.0225162319786
43 0.0116701263917
57 0.0205363034206
5 0.0683126801271
69 0.00835811402706
14 0.00205098205359
4 0.000286613318822
58 0.00179760387833
78 0.024168010534
8 0.00931026825654
83 0.014039682648
78 0.0110049749405
13 0.0260819538276
38 0.0139037170315
53 0.0107136628829
95 0.00983938624603
46 0.0470541487188
21 0.00296342841479
63 0.0148020861133
40 0.0297579757635
36 0.0222533152069
47 0.0352664211818
12 0.0112690489697
92 0.0107772061605
28 0.00428417163598
79 0.0192986766875
36 0.0306287035893
72 0.0142772714694
55 0.00418655148642
76 0.00126642548105
29 0.0338224758607
3 0.0108783154484
97 0.0873029665725
2 0.012421343143
53 0.000266818863208
32 0.0699376624121
66 0.0217759375239
50 0.0165972644047
96 0.0512492749249
1 0.0283918436663
3 0.00254480917932
8 0.0195938378436
28 0.0110951311101
25 0.000509773717186
51 0.0213209751831
25 0.0547096058887
83 0.00392080226675
16 0.00611137110728
63 2.28460426538e-05
4 0.0204476124946
52 0.0973571151858
68 0.0265813608722
10 0.00375865411554
14 0.00565807410594
33 0.00188261017545
27 0.0166964434349
7 0.126888691947
56 0.0127996357337
70 0.0539050798435
82 0.00620314308074
13 0.0309866058233
77 0.0157290330058
24 0.0155251733904
62 0.00700148017453
71 0.00164952138539
48 0.0324252863885
55 0.0254888492055
38 0.0051148006793
22 0.00174070581087
66 0.0303680821226
8 0.0262599355136
90 0.000718766532187
31 0.016237089157
53 0.00428537804618
0.215372385713 17
43 7.36374615412e-05
95 0.000147715045722
59 0.0141104650277
90 0.00415919319614
13 3.70583305295e-05
25 0.0114256248418
10 0.0154899498384
53 0.0347027144232
73 0.00451953635974
72 0.00908574858423
78 0.061140005126
97 0.00610485908314
40 0.00275110556696
74 0.0268349580726
29 0.00478762454544
58 0.000550217912483
46 0.00170730370349
0.113981010025 70
1 0.0126400976619
57 0.00812501076345
20 0.00868782949244
70 0.012723244516
50 0.00897998291705
19 0.0151466646908
76 0.0192939749062
7 0.0034495487242
65 0.0273806189308
70 0.0784678165025
85 0.0548694681126
89 3.94097158291e-05
59 0.0356459452627
44 0.00472085441901
74 0.00871763067173
60 0.0168117513481
3 0.051521734447
91 0.0131249166648
16 0.0139883665081
41 0.00870008888032
58 0.00276166900364
95 0.0434112918425
43 0.0331225684713
41 0.0133070556062
24 0.0270092259492
32 0.0354499627369
73 0.0126830516974
32 0.0326145139624
75 0.0105896538885
60 0.00157891435588
54 0.0027798026738
38 0.00853180578878
93 0.0342995233462
71 0.0377554870934
13 0.00403029396665
24 0.00791734594571
15 0.00620739659357
48 0.0652368968838
95 0.00226661764024
51 9.00945254053e-05
47 0.0627506718837
93 0.016041122019
82 0.000684296953939
79 0.0232083717194
6 0.00791918156696
63 0.0185894680154
80 0.0251683139956
1 0.00459329519412
23 0.00199528764104
21 0.0160647403414
99 0.0197854237481
63 0.000625788552788
44 0.00108007681871
62 0.00278305596854
83 0.00309570373245
48 0.0100280692014
33 0.0276385676915
97 0.0259703214536
33 0.00112392347021
6 0.0173398198073
10 0.0486253177484
100 0.0338153932764
67 0.000359167808295
48 0.000222076682921
94 0.000100807476655
14 0.0139547157425
15 0.067264261521
43 0.00252622170074
85 0.00618571040633
19 0.0225994458293
0.0304475643114 86
50 0.0154002055234
85 0.00343764649053
4 0.00462319320527
13 0.0100439276175
35 0.00890372710632
38 0.00704973663458
24 0.0124286307597
16 0.000755791872207
78 0.0305287906563
72 0.0310589244469
97 0.102720924197
89 0.0141026800585
93 0.0276626198328
28 0.0113831357753
56 0.0484448854208
88 0.00823156913857
80 0.0145061658946
91 0.0242439721395
39 0.0344593515451
99 0.0121062249714
26 0.0392093054217
16 0.028156777494
53 0.000523478587584
13 0.0119822465875
4 0.0173941506473
34 0.000133044727902
83 0.0105474713466
64 0.0487314834544
70 0.00585620523678
14 0.00137697561065
64 0.0174231073344
21 0.0304342861774
25 0.00189731818842
12 0.0070763707439
4 0.0175068348363
47 0.0899757157103
94 0.00425160190921
32 0.00277822556101
99 0.0234603565731
93 0.0283944566382
99 0.0282548459841
14 0.00538847261132
30 0.00602869837494
47 0.023305684381
73 0.0328976755062
86 0.00950329176464
2 0.032756889468
32 0.0241475180056
47 0.00698909438553
81 0.017201080967
72 0.00406095355332
23 0.0344963725682
88 0.00781146434833
7 0.00301782035519
12 0.00335392404981
44 0.0189813379907
50 0.00959516781933
35 0.00672986162251
86 0.00147517900873
89 0.00148179615648
68 0.0176638381141
66 0.0139090493868
33 0.00511122521224
98 0.0371754246281
92 0.010057299756
30 0.000358985696905
32 0.012206495231
45 0.0176879412603
19 0.0611614965532
53 0.0156157096499
2 0.00122737065302
61 0.00570966972191
62 0.0527720877987
78 0.0191815459089
91 0.0149561319309
37 0.0127092642652
59 0.0329919860767
33 0.0622151456789
8 0.0250613295951
25 0.0231423182879
2 0.0860188954688
39 0.0301929480455
41 0.000416360161314
14 0.0114254846389
77 0.0137025129779
24 0.02685243795
0.105318248341 27
8 0.0456909861142
27 0.0195607608362
51 0.0534102261631
78 0.00105246123398
85 0.0319691270578
88 0.0389687363259
57 0.0609523786114
100 0.0105717825809
87 0.0463585326825
64 0.0140051373175
16 0.034453916805
13 0.00397946255089
55 0.00707837393279
54 0.0117494178459
39 0.0154741364199
9 0.0209059932563
31 0.0114794028629
50 0.0261762143453
74 0.00024081495976
48 0.0109681261345
83 0.0124271946453
85 0.0556318887739
32 0.00271267651592
77 0.0118462158356
66 0.0260933199777
98 0.0337617487725
95 0.0175439680158
