100
0.5 0.5 0.0 0.0 0.0 0.0 0.0 0.0 0.0 0.0 0.0 0.0 0.0 0.0 0.0 0.0 0.0 0.0 0.0 0.0 0.0 0.0 0.0 0.0 0.0 0.0
baba abaa
0.5 0.5 0.0 0.0 0.0 0.0 0.0 0.0 0.0 0.0 0.0 0.0 0.0 0.0 0.0 0.0 0.0 0.0 0.0 0.0 0.0 0.0 0.0 0.0 0.0 0.0
a b
0.5 0.5 0.0 0.0 0.0 0.0 0.0 0.0 0.0 0.0 0.0 0.0 0.0 0.0 0.0 0.0 0.0 0.0 0.0 0.0 0.0 0.0 0.0 0.0 0.0 0.0
aaa aaaa
0.5 0.5 0.0 0.0 0.0 0.0 0.0 0.0 0.0 0.0 0.0 0.0 0.0 0.0 0.0 0.0 0.0 0.0 0.0 0.0 0.0 0.0 0.0 0.0 0.0 0.0
aaaa aaa
0.5 0.5 0.0 0.0 0.0 0.0 0.0 0.0 0.0 0.0 0.0 0.0 0.0 0.0 0.0 0.0 0.0 0.0 0.0 0.0 0.0 0.0 0.0 0.0 0.0 0.0
abbbbbbbbbbbbbbb bbbbbbbbbbbbbb
0.5 0.5 0.0 0.0 0.0 0.0 0.0 0.0 0.0 0.0 0.0 0.0 0.0 0.0 0.0 0.0 0.0 0.0 0.0 0.0 0.0 0.0 0.0 0.0 0.0 0.0
ababababab bababababa
0.040000 0.036000 0.042000 0.050000 0.035000 0.042000 0.037000 0.037000 0.040000 0.040000 0.034000 0.050000 0.036000 0.031000 0.036000 0.042000 0.033000 0.032000 0.032000 0.042000 0.034000 0.040000 0.036000 0.049000 0.044000 0.030000
eagffjhdccc hfdbadbgiahe
0.035000 0.036000 0.037000 0.039000 0.041000 0.046000 0.036000 0.042000 0.032000 0.055000 0.047000 0.034000 0.037000 0.041000 0.041000 0.046000 0.038000 0.035000 0.037000 0.036000 0.038000 0.026000 0.031000 0.038000 0.043000 0.033000
dcdcgciebc iecfdhebfhchif
0.1 0 0 0 0.1 0 0 0.1 0 0 0 0.1 0.1 0 0.1 0.1 0 0.1 0 0.2 0 0 0 0 0 0
hamlet potter
0.5 0.5 0.0 0.0 0.0 0.0 0.0 0.0 0.0 0.0 0.0 0.0 0.0 0.0 0.0 0.0 0.0 0.0 0.0 0.0 0.0 0.0 0.0 0.0 0.0 0.0
abababababababab abababababababaa
0.060836 0.057598 0.050574 0.026692 0.023943 0.036953 0.055155 0.009406 0.017896 0.023394 0.025776 0.043794 0.043916 0.054728 0.027364 0.044405 0.047154 0.032922 0.053140 0.055766 0.040801 0.018324 0.002199 0.054667 0.043000 0.049597
qghumeayln lfdx
0.007602 0.002913 0.066998 0.018828 0.046110 0.031758 0.057265 0.063304 0.051865 0.026359 0.024938 0.000497 0.007247 0.027993 0.039005 0.044760 0.044334 0.006039 0.067851 0.053783 0.059751 0.068703 0.026785 0.066217 0.021954 0.067141
jprepggxrp nrvystmwc
0.052892 0.069848 0.073374 0.023032 0.050566 0.029034 0.001651 0.055968 0.069398 0.005477 0.020332 0.062270 0.058369 0.043064 0.007352 0.038488 0.074049 0.021832 0.012154 0.047791 0.026709 0.057619 0.049216 0.043139 0.002401 0.003975
nzkycxfx tls
0.029209 0.050710 0.043651 0.044544 0.039270 0.048357 0.003408 0.048925 0.028479 0.023692 0.067911 0.030426 0.001704 0.048438 0.001785 0.028316 0.016227 0.054280 0.039351 0.022880 0.059635 0.004381 0.081136 0.033996 0.076187 0.073102
eylfpbnpljvrvi pyamyehwqnqrq
0.008462 0.030966 0.047169 0.052930 0.028355 0.045369 0.040418 0.018093 0.041318 0.055721 0.052300 0.071744 0.071924 0.025385 0.053110 0.071924 0.000900 0.014223 0.042578 0.056081 0.048519 0.026375 0.003511 0.016203 0.017193 0.059229
zkvatxdknlyjy hfixjswnkkufnuxx
0.080832 0.026135 0.052755 0.001780 0.056639 0.045149 0.038595 0.072255 0.031556 0.006149 0.057691 0.048629 0.041346 0.000324 0.070394 0.069747 0.055749 0.032527 0.063921 0.020714 0.034307 0.000243 0.047415 0.014807 0.023141 0.007200
uteiojwa yyzpvscmp
0.037009 0.046793 0.037604 0.043645 0.012421 0.005190 0.061171 0.064148 0.011911 0.036073 0.023822 0.084822 0.058533 0.045091 0.046793 0.037264 0.073762 0.080824 0.016505 0.016675 0.025353 0.035477 0.024417 0.009018 0.041603 0.024076
tes jwhdizcobz
0.074208 0.031566 0.054799 0.063425 0.096363 0.047250 0.014214 0.019312 0.021861 0.012744 0.015881 0.052544 0.044211 0.017057 0.045780 0.004411 0.064700 0.028723 0.043133 0.024900 0.002451 0.015195 0.050093 0.073130 0.063719 0.018330
sbmborxt lhcsmpx
0.042949 0.014730 0.064052 0.022426 0.063224 0.055362 0.015972 0.081595 0.008524 0.039805 0.017709 0.051970 0.066452 0.008275 0.043694 0.051804 0.045018 0.076548 0.001986 0.080520 0.005131 0.015061 0.000331 0.035833 0.041874 0.049155
ukepzshklj ugggekjdqzj
0.024963 0.048093 0.012307 0.060662 0.060749 0.054552 0.001746 0.010998 0.050362 0.060662 0.057519 0.026447 0.032469 0.040761 0.059265 0.051846 0.074365 0.042332 0.001658 0.040587 0.010474 0.013354 0.069914 0.007681 0.005324 0.080910
mwzobiw ybxduun
0.007580 0.049316 0.042520 0.050362 0.041387 0.054544 0.054718 0.054892 0.080944 0.036943 0.045395 0.078679 0.083907 0.010804 0.052017 0.064303 0.022828 0.017078 0.045831 0.023090 0.022741 0.017688 0.010194 0.002701 0.028492 0.001046
iji pfione
0.034257 0.079374 0.030743 0.032420 0.043201 0.008944 0.056296 0.066757 0.028508 0.005829 0.028028 0.065799 0.038809 0.044478 0.017328 0.050068 0.028587 0.042083 0.028587 0.026990 0.021720 0.069472 0.028907 0.071628 0.001837 0.049350
bazuxmhecthle grpunkdmbppwe
0.041939 0.062300 0.029325 0.023691 0.034127 0.061724 0.038929 0.030990 0.058394 0.040722 0.004354 0.054360 0.043283 0.060123 0.014342 0.009156 0.048342 0.032783 0.047509 0.011269 0.029453 0.052888 0.014214 0.055769 0.040146 0.059868
c prjbxphoohpkwq
0.036963 0.048858 0.070094 0.033929 0.054207 0.060115 0.035446 0.023711 0.053808 0.003273 0.025068 0.069935 0.005828 0.065384 0.048779 0.001437 0.074485 0.009021 0.055564 0.013572 0.066422 0.003273 0.039039 0.054766 0.007265 0.039758
srkrus vojbrzm
0.045057 0.050349 0.037521 0.043454 0.010423 0.019322 0.065261 0.014030 0.048264 0.006254 0.017317 0.054838 0.017157 0.079612 0.066143 0.048264 0.031508 0.060932 0.053796 0.034394 0.002245 0.006815 0.006093 0.063096 0.040006 0.077849
njwjmwaxxmnsnh hlqqrzu
0.062636 0.066184 0.005503 0.039537 0.051629 0.039609 0.049167 0.055757 0.019044 0.037654 0.071398 0.020999 0.068429 0.062708 0.039175 0.017813 0.036857 0.023099 0.063070 0.043592 0.023461 0.009631 0.034251 0.011079 0.006372 0.041346
othowkbjzwu cwljfrimpmyh
0.025351 0.045011 0.004508 0.016408 0.056098 0.070584 0.065706 0.010865 0.051072 0.070214 0.062380 0.031855 0.045898 0.055358 0.005026 0.039690 0.057945 0.002661 0.016778 0.013747 0.002882 0.063119 0.046563 0.016630 0.055358 0.068293
vtre hbbcpxifbxvfbc
0.007160 0.043111 0.002818 0.056135 0.010816 0.062076 0.075786 0.019575 0.049737 0.071369 0.063904 0.036789 0.027116 0.001219 0.010054 0.017595 0.064133 0.047681 0.000914 0.048595 0.014243 0.052632 0.049585 0.050499 0.048366 0.068092
zyupzwwei qurpixiqf
0.026143 0.017593 0.009043 0.002384 0.016524 0.006659 0.026225 0.070618 0.004193 0.012825 0.029760 0.021786 0.074318 0.055656 0.052943 0.074811 0.074235 0.046202 0.040283 0.078017 0.023265 0.053765 0.055492 0.018168 0.033131 0.075961
ku iduburisw
0.056033 0.072774 0.002945 0.031853 0.035806 0.018213 0.039448 0.074556 0.074401 0.038286 0.039991 0.020925 0.072696 0.067426 0.004573 0.054328 0.075331 0.020538 0.009145 0.016740 0.043091 0.063241 0.025653 0.003100 0.016508 0.022399
bfkq dpqz
0.072872 0.041488 0.008879 0.052051 0.008497 0.068815 0.005664 0.060395 0.074862 0.010181 0.073255 0.052817 0.008726 0.000689 0.072107 0.060548 0.055419 0.027863 0.002220 0.014161 0.059630 0.015386 0.005511 0.067820 0.074633 0.005511
ros wit
0.049897 0.045779 0.006040 0.046809 0.066232 0.023404 0.047152 0.001510 0.045504 0.049554 0.004461 0.021277 0.028552 0.061977 0.059986 0.008579 0.064653 0.051201 0.052368 0.029101 0.036513 0.055388 0.018463 0.021894 0.041386 0.062320
edyyhngyc drudmphmec
0.020672 0.040847 0.059195 0.010959 0.009548 0.036530 0.079618 0.060025 0.058531 0.082690 0.004400 0.022416 0.039851 0.019842 0.035201 0.076297 0.071980 0.054795 0.041428 0.040432 0.016355 0.038439 0.052636 0.013200 0.001910 0.012203
yygm dcaszsgovs
0.029199 0.010757 0.052323 0.069301 0.013831 0.041712 0.046762 0.048591 0.005562 0.037761 0.038200 0.034834 0.045079 0.038712 0.017197 0.041786 0.066301 0.034029 0.040834 0.070472 0.011855 0.038419 0.040249 0.034394 0.024222 0.067618
zazcpkhktkydz ivcuypurfmbi
0.061482 0.029515 0.042599 0.018586 0.047654 0.013010 0.060962 0.070181 0.045498 0.070032 0.021560 0.031224 0.042079 0.059921 0.043566 0.016133 0.033529 0.045796 0.045350 0.004832 0.012415 0.066463 0.005576 0.037915 0.022378 0.051744
tqdihersigbhzjz ujxmmyspnaraew
0.039018 0.012912 0.027658 0.034996 0.053976 0.061737 0.025753 0.063713 0.018063 0.032527 0.033514 0.068652 0.057998 0.008678 0.038665 0.040782 0.055740 0.042757 0.013829 0.041981 0.067099 0.024272 0.053270 0.034008 0.000917 0.047485
fycgfi eowqrw
0.040707 0.071256 0.032741 0.001608 0.020756 0.016298 0.024264 0.027552 0.042681 0.069356 0.052912 0.071841 0.001389 0.056786 0.016151 0.008185 0.013374 0.062632 0.035884 0.067675 0.023752 0.035592 0.049551 0.070891 0.047066 0.039100
kmnuvklhsecdwrac gfmzk
0.031584 0.060392 0.047341 0.032348 0.018603 0.049563 0.055116 0.044079 0.032834 0.067541 0.057684 0.062613 0.030751 0.012356 0.060947 0.053519 0.048799 0.025337 0.026517 0.041025 0.057198 0.016521 0.001666 0.012495 0.041372 0.011799
yvijgfullkjduh sjafbtlkmfqrm
0.051552 0.036137 0.062236 0.062092 0.067326 0.063239 0.018499 0.053847 0.044096 0.042948 0.032910 0.047465 0.004589 0.054277 0.057934 0.020004 0.035133 0.031261 0.026242 0.005449 0.042088 0.027748 0.059798 0.025884 0.023733 0.003513
gyiwxgcj wlgrsmeaear
0.046562 0.065032 0.069300 0.076284 0.025532 0.027394 0.028713 0.019013 0.061695 0.047261 0.019634 0.050287 0.033602 0.041596 0.016219 0.020565 0.038647 0.018935 0.050442 0.001242 0.065342 0.014745 0.007838 0.063092 0.050365 0.040663
gt y
0.058935 0.034898 0.055081 0.037141 0.037912 0.056482 0.055501 0.027540 0.014786 0.038542 0.040575 0.068676 0.068115 0.019481 0.005186 0.013595 0.043518 0.034898 0.057954 0.019411 0.055431 0.040855 0.040575 0.011212 0.029362 0.034338
hreqgjfwkjsm tpjhaefqzaa
0.018830 0.039467 0.057167 0.007984 0.046848 0.007231 0.022370 0.069067 0.051141 0.013482 0.043685 0.004444 0.043534 0.056564 0.000603 0.054982 0.006176 0.075017 0.051141 0.050990 0.056790 0.067786 0.059125 0.042630 0.007080 0.045866
oqylobcwqxkz mausjgmhcmhg
0.079651 0.059506 0.004920 0.022001 0.051244 0.045303 0.021073 0.015132 0.088749 0.017081 0.036669 0.016803 0.009098 0.006127 0.006127 0.047716 0.024322 0.053750 0.007334 0.081600 0.013089 0.056814 0.088006 0.041404 0.015874 0.090607
dacllteojomon xrqyjzginrnn
0.015774 0.059238 0.040275 0.027018 0.045226 0.029535 0.037590 0.017536 0.054288 0.023242 0.063769 0.015942 0.035493 0.055966 0.040863 0.038261 0.002433 0.051603 0.072244 0.021312 0.065279 0.029283 0.042289 0.072328 0.036248 0.006965
hkstce naumnd
0.067155 0.005042 0.017074 0.062046 0.042753 0.043291 0.059761 0.010352 0.015663 0.050282 0.045778 0.062315 0.045644 0.030317 0.053912 0.064668 0.013444 0.057542 0.024469 0.048198 0.038586 0.037779 0.016537 0.031863 0.018486 0.037043
gqngvvpj gojogl
0.013495 0.013103 0.031149 0.054767 0.001648 0.054531 0.041585 0.061907 0.008631 0.077285 0.076108 0.076814 0.048490 0.001255 0.049196 0.053747 0.013260 0.071165 0.072891 0.007689 0.009337 0.030679 0.015692 0.061671 0.038211 0.015694
clmznm jugww
0.034374 0.078842 0.007141 0.041135 0.014569 0.025900 0.025614 0.066083 0.084365 0.032184 0.029709 0.057608 0.064559 0.038755 0.073224 0.002190 0.039421 0.000095 0.051704 0.051228 0.003714 0.037041 0.033898 0.027614 0.061703 0.017330
tflbg sfnpcuz
0.048154 0.040993 0.016051 0.040375 0.057847 0.005927 0.022595 0.054019 0.044512 0.051611 0.042042 0.060316 0.028152 0.044820 0.004445 0.049944 0.034572 0.009693 0.037227 0.051426 0.055933 0.027226 0.023213 0.034757 0.054698 0.059452
t l
0.046400 0.016269 0.030420 0.038217 0.021756 0.000963 0.001251 0.013188 0.043897 0.073450 0.004236 0.071525 0.002118 0.088853 0.049384 0.023970 0.001829 0.035522 0.069118 0.068829 0.062668 0.028013 0.032345 0.073161 0.016365 0.086253
hceskmkhs smvnonwafxwhg
0.016469 0.046756 0.061936 0.055134 0.033725 0.000430 0.003437 0.042603 0.034942 0.023414 0.019834 0.023199 0.038737 0.048690 0.070958 0.042174 0.050909 0.019476 0.067736 0.015896 0.033725 0.013175 0.042245 0.068452 0.070099 0.055849
tlgg kyt
0.061247 0.041536 0.051180 0.050926 0.019288 0.016750 0.058624 0.065308 0.030793 0.025548 0.030793 0.061078 0.047881 0.035699 0.037729 0.051688 0.041959 0.062770 0.001946 0.068776 0.012858 0.001354 0.004737 0.033331 0.062516 0.023685
ljarintdwcldvdx ropbyjzwyyojuot
0.048606 0.017332 0.070020 0.056848 0.036589 0.070944 0.028732 0.022647 0.065937 0.056617 0.043291 0.004391 0.046757 0.014251 0.005854 0.029502 0.009244 0.057156 0.033354 0.052765 0.060083 0.021568 0.021876 0.051456 0.064474 0.009706
znmoijoivvgobqp nckwvnhkebmtdhv
0.065974 0.035978 0.011383 0.048276 0.072788 0.075447 0.015372 0.006232 0.059826 0.065725 0.039634 0.003490 0.029248 0.027420 0.024179 0.081014 0.006066 0.049190 0.015787 0.065476 0.040798 0.019942 0.074283 0.004487 0.005318 0.056667
kjlzzqt sj
0.034224 0.023322 0.016978 0.063086 0.078188 0.059333 0.064605 0.017514 0.050666 0.032258 0.003485 0.052632 0.072558 0.021982 0.041819 0.038066 0.077562 0.016978 0.048521 0.005719 0.048968 0.044947 0.055223 0.008936 0.002145 0.020285
bafpfmo wgrgon
0.032267 0.028666 0.037563 0.067994 0.057897 0.068912 0.039328 0.037563 0.035021 0.003177 0.041799 0.056768 0.027466 0.064676 0.031844 0.022594 0.019276 0.055920 0.027113 0.009461 0.054791 0.045400 0.040246 0.021253 0.067429 0.005576
rkeu t
0.060677 0.018906 0.058415 0.021976 0.049447 0.080068 0.027390 0.051870 0.020926 0.003878 0.028521 0.053244 0.038782 0.024481 0.055264 0.080068 0.000242 0.045972 0.034176 0.072392 0.010988 0.000727 0.029248 0.060031 0.015755 0.056556
jj mp
0.092292 0.067999 0.005930 0.036917 0.007077 0.048298 0.044281 0.067330 0.009851 0.006695 0.014824 0.050689 0.052888 0.007173 0.014346 0.069912 0.023432 0.080815 0.004782 0.011381 0.006312 0.034813 0.052888 0.074024 0.045046 0.070005
mbvbh rml
0.049261 0.067093 0.019541 0.031280 0.057285 0.001709 0.020358 0.062560 0.051044 0.066052 0.068207 0.053347 0.066350 0.051936 0.019912 0.055725 0.004904 0.028977 0.069322 0.046066 0.006093 0.000297 0.009733 0.002155 0.046957 0.043836
ufarzrosdqwsmt cjghecqudosrtjx
0.012989 0.005254 0.017294 0.033567 0.046994 0.061369 0.046264 0.002773 0.065236 0.046045 0.020067 0.072534 0.057137 0.014886 0.033713 0.021235 0.048380 0.022475 0.072825 0.011092 0.030940 0.065018 0.052393 0.046775 0.051372 0.041373
k alxapem
0.035847 0.054930 0.030480 0.041280 0.026438 0.050424 0.006560 0.062020 0.031937 0.040750 0.037636 0.032733 0.039557 0.010734 0.049496 0.035714 0.044461 0.035714 0.031606 0.036841 0.060827 0.024649 0.050424 0.049894 0.050292 0.028756
pjaoxtfhv xxytgokrcx
0.040282 0.030262 0.029388 0.040350 0.008339 0.029859 0.049227 0.010424 0.057969 0.029254 0.025958 0.065098 0.054943 0.026496 0.047411 0.058305 0.064156 0.020780 0.015064 0.046066 0.053329 0.044923 0.003295 0.031607 0.062609 0.054606
yjsttyzuvldvybsu xkbmfzvrtn
0.008414 0.014381 0.006425 0.006578 0.029909 0.019200 0.052551 0.057829 0.029221 0.009868 0.038476 0.021265 0.066014 0.032510 0.043295 0.066779 0.063719 0.067773 0.032816 0.049491 0.068079 0.036640 0.067620 0.070833 0.020347 0.019967
mknepbhowej azhkwcmmtpix
0.005977 0.069067 0.010773 0.020883 0.060950 0.053055 0.042355 0.052612 0.002804 0.073716 0.066854 0.012028 0.052981 0.051136 0.039847 0.003542 0.069879 0.007674 0.017119 0.008560 0.061983 0.063385 0.061246 0.047668 0.029147 0.014759
xxyfvs ddygthcuyyf
0.064216 0.017668 0.055858 0.004009 0.043762 0.045461 0.046072 0.008154 0.058304 0.002854 0.060614 0.018008 0.042403 0.062245 0.004961 0.063197 0.057217 0.048655 0.041859 0.036491 0.065099 0.051644 0.047635 0.030783 0.006388 0.016443
kxeatowzabsdnv qhkfcmofisfrfq
0.002827 0.012394 0.062550 0.045662 0.006161 0.065956 0.063710 0.066971 0.006233 0.029064 0.001812 0.014061 0.007683 0.029934 0.055519 0.055664 0.029572 0.049141 0.056896 0.051098 0.057331 0.060520 0.064652 0.045082 0.006233 0.053274
buaccl f
0.015846 0.009609 0.005394 0.049899 0.078810 0.035064 0.055378 0.064228 0.001096 0.034727 0.080917 0.021241 0.062289 0.031271 0.010536 0.042819 0.000674 0.049309 0.080243 0.008597 0.041301 0.080833 0.037256 0.066672 0.001180 0.034811
gmfcswtwkkxlc bhqkvcswjebk
0.039378 0.057036 0.008438 0.069771 0.035315 0.074537 0.030706 0.044613 0.040628 0.036956 0.031877 0.038675 0.039534 0.034456 0.030002 0.020548 0.032034 0.047504 0.003047 0.028205 0.036878 0.013439 0.051176 0.074068 0.040238 0.040941
vwauxpan namxj
0.027884 0.028415 0.004780 0.000708 0.041604 0.019209 0.063999 0.074622 0.000708 0.041073 0.023103 0.083916 0.070284 0.055856 0.063557 0.003895 0.033372 0.027884 0.055501 0.010445 0.029654 0.054970 0.015225 0.070196 0.085421 0.013719
miizwudwdfzlktb qdxgyyiudsjvezkm
0.066951 0.060241 0.027604 0.029434 0.020817 0.033171 0.011057 0.042855 0.043007 0.038508 0.072213 0.067790 0.023563 0.012048 0.032866 0.009456 0.035458 0.005719 0.026460 0.063901 0.074882 0.024325 0.046668 0.022343 0.045143 0.063520
kla solwjx
0.060221 0.039226 0.029090 0.061669 0.057128 0.001909 0.029880 0.059892 0.064104 0.064631 0.033171 0.037515 0.053771 0.058181 0.024220 0.025405 0.026524 0.015203 0.010399 0.044886 0.037383 0.020469 0.057062 0.045281 0.011320 0.031460
bbc jpd
0.021205 0.075687 0.049751 0.009787 0.039149 0.058478 0.024549 0.032379 0.069652 0.037436 0.067776 0.048446 0.065818 0.069326 0.069733 0.022266 0.013131 0.024060 0.004486 0.027241 0.011989 0.018759 0.038496 0.034989 0.045673 0.019738
yhtlqlbbbvoqoz kynayyrbaqmyj
0.071952 0.010657 0.007180 0.070894 0.013227 0.038773 0.007407 0.041720 0.052604 0.061825 0.037261 0.022145 0.017988 0.040133 0.046406 0.022447 0.053737 0.029476 0.047540 0.061220 0.059482 0.056307 0.063563 0.013831 0.043081 0.009144
fvgymkgotzjmnz qtmrpndevnmthji
0.000882 0.067166 0.050999 0.048868 0.014991 0.073192 0.056070 0.028072 0.069591 0.066872 0.003601 0.056511 0.045929 0.037625 0.070179 0.017343 0.009406 0.046590 0.017710 0.063419 0.009406 0.042475 0.060112 0.025059 0.010509 0.007423
ms vbmvx
0.050994 0.020565 0.034375 0.028532 0.047959 0.048642 0.070952 0.003111 0.074898 0.063363 0.018895 0.040977 0.058127 0.060480 0.023752 0.019958 0.004022 0.055547 0.074973 0.035286 0.042343 0.018895 0.042267 0.012976 0.034224 0.013887
ri z
0.022649 0.006108 0.058682 0.042141 0.067261 0.039121 0.045779 0.046671 0.039671 0.057515 0.027660 0.007962 0.020110 0.049691 0.059918 0.030817 0.022237 0.010570 0.065134 0.027179 0.013590 0.034935 0.062388 0.028277 0.068222 0.045712
xkmnxm syamptlzanotls
0.002411 0.018773 0.066545 0.063769 0.071804 0.065888 0.022425 0.046457 0.062893 0.034478 0.038568 0.010080 0.025128 0.056172 0.017093 0.072754 0.012564 0.044120 0.068882 0.000877 0.064280 0.002557 0.037473 0.043389 0.038787 0.011833
vfvpzhyuj abtqwwtbkd
0.059118 0.039823 0.018474 0.007718 0.035799 0.018474 0.007800 0.047869 0.071270 0.051564 0.000493 0.012070 0.056409 0.048444 0.044421 0.019542 0.069874 0.062402 0.047541 0.078578 0.055670 0.033172 0.003531 0.024715 0.066672 0.018557
ier nap
0.002953 0.035105 0.061216 0.018862 0.030608 0.024097 0.056920 0.058464 0.066519 0.058666 0.022016 0.027789 0.030541 0.060209 0.031749 0.030273 0.016244 0.043093 0.043429 0.035307 0.014364 0.055377 0.062424 0.046718 0.027118 0.039939
wycztwzzv ewxotaku
0.027806 0.064974 0.061532 0.044050 0.000826 0.063735 0.001996 0.067382 0.051552 0.058573 0.061463 0.030628 0.045082 0.042949 0.024365 0.002547 0.037718 0.023883 0.056921 0.004267 0.062289 0.016450 0.039370 0.061050 0.027944 0.020648
jmpfdcyqtr cvvv
0.060050 0.060050 0.050133 0.023192 0.020537 0.056302 0.019132 0.071763 0.048883 0.017179 0.045682 0.013665 0.076917 0.035921 0.011713 0.001171 0.054350 0.039357 0.002577 0.066531 0.042012 0.063642 0.028424 0.050914 0.017179 0.022724
clprgdl wxfaig
0.001131 0.007916 0.036562 0.071165 0.037392 0.061214 0.022164 0.067320 0.060234 0.074708 0.022616 0.067169 0.037241 0.005654 0.041462 0.058424 0.023747 0.013117 0.005277 0.016510 0.065285 0.062872 0.018017 0.068752 0.019073 0.034978
qmeyrovfichqni vfjz
0.027074 0.033992 0.054148 0.043371 0.058604 0.056210 0.049491 0.049358 0.016364 0.038515 0.063194 0.046963 0.034258 0.052285 0.015167 0.041575 0.013637 0.023748 0.061066 0.015167 0.036985 0.006852 0.019091 0.031198 0.046498 0.065189
azrssfszwxbqm urwmxcdbhumrgj
0.038459 0.067824 0.046581 0.005970 0.045331 0.052204 0.027629 0.052204 0.000139 0.030267 0.048178 0.005068 0.063658 0.049774 0.022839 0.035543 0.008747 0.058244 0.020618 0.065255 0.037834 0.003957 0.057411 0.062687 0.052690 0.040889
uwrs yxwqyyxcsz
0.000609 0.021042 0.063667 0.054127 0.067524 0.047903 0.030785 0.020636 0.016103 0.032882 0.033829 0.053654 0.041543 0.041475 0.046211 0.066576 0.023816 0.008796 0.009337 0.002300 0.040663 0.058525 0.046279 0.058051 0.065562 0.048105
akztgjhxaunfqjvx iohnjqrjshymdov
0.051916 0.052865 0.041988 0.038953 0.056785 0.042873 0.049007 0.008537 0.035032 0.033768 0.055584 0.018148 0.039522 0.046478 0.004806 0.022132 0.045087 0.062287 0.039522 0.050145 0.031934 0.052042 0.003541 0.057797 0.029278 0.029973
p qjkztvjgkwxke
0.066970 0.042679 0.012399 0.051451 0.078020 0.072115 0.039305 0.020243 0.017460 0.017713 0.041582 0.042173 0.014845 0.003121 0.005229 0.054656 0.052210 0.001181 0.061404 0.060138 0.075658 0.076754 0.071019 0.011049 0.007675 0.002951
hyyayz khuhj
0.032209 0.062578 0.027524 0.078390 0.017151 0.058646 0.043838 0.030536 0.034468 0.003430 0.020999 0.042249 0.040492 0.064168 0.011880 0.056137 0.070777 0.042416 0.007446 0.021501 0.009035 0.022337 0.071781 0.056806 0.016732 0.056474
nwscpirzfcbt seplkgwfkhrouoy
0.033925 0.033626 0.062063 0.050090 0.003492 0.012971 0.035821 0.043604 0.046897 0.089603 0.050389 0.079725 0.020255 0.010577 0.023848 0.003293 0.006586 0.051587 0.048094 0.057873 0.002395 0.072640 0.077031 0.031331 0.038216 0.014068
sgcezwapqrvlw igrovjcdzxxphq
0.014933 0.061345 0.040520 0.046412 0.059246 0.004843 0.057712 0.052466 0.048107 0.042215 0.043748 0.033659 0.030511 0.004278 0.045686 0.071999 0.011220 0.025103 0.078134 0.004520 0.063605 0.018161 0.018000 0.035515 0.035677 0.052385
f zbhzfnwyw
0.001717 0.095354 0.063131 0.006566 0.051111 0.015960 0.050808 0.067374 0.027879 0.004747 0.063939 0.079798 0.004747 0.014747 0.000404 0.015455 0.091111 0.033030 0.015556 0.018687 0.065657 0.035455 0.041010 0.035051 0.002626 0.098080
zxt htop
0.026821 0.003140 0.030725 0.064590 0.083602 0.061959 0.045408 0.004329 0.007045 0.068494 0.079528 0.049652 0.067136 0.052453 0.015532 0.005687 0.009930 0.033016 0.036157 0.008657 0.051859 0.038279 0.083432 0.052792 0.016466 0.003311
r nuwkmsyqcpui
0.023203 0.059281 0.058074 0.046741 0.055928 0.026220 0.042449 0.012741 0.056330 0.012339 0.054855 0.008718 0.050563 0.045601 0.041175 0.040303 0.016966 0.009791 0.057806 0.010193 0.021392 0.064646 0.054587 0.060891 0.037218 0.031989
xaw za
0.040389 0.016937 0.050812 0.023539 0.062191 0.017459 0.017980 0.009294 0.026318 0.060540 0.072440 0.053157 0.005906 0.036133 0.056110 0.015287 0.030835 0.038999 0.079910 0.006949 0.085903 0.027968 0.051507 0.051941 0.017198 0.044298
bccfqmwhbv ssiigvijsuxi
0.078515 0.007020 0.002494 0.011546 0.056161 0.071587 0.081748 0.011916 0.050527 0.013486 0.044522 0.066045 0.013856 0.015611 0.031314 0.028450 0.073342 0.046647 0.009791 0.064474 0.020137 0.088306 0.059302 0.031775 0.012378 0.009050
egyrhlthx wgjprwvhs
0.055572 0.005373 0.013028 0.051671 0.030620 0.006404 0.017076 0.035404 0.071839 0.019211 0.037907 0.069115 0.048432 0.072943 0.032313 0.072280 0.032975 0.017886 0.045562 0.005226 0.046518 0.004564 0.016193 0.057559 0.072943 0.061386
dxeuiozi o
0.043970 0.042070 0.065503 0.030580 0.059169 0.015290 0.011852 0.023161 0.042251 0.077716 0.046413 0.059441 0.028861 0.018276 0.012938 0.025061 0.045870 0.063603 0.061974 0.002171 0.024518 0.028318 0.022709 0.043065 0.028228 0.076992
spqnzom cwvaptg
0.076889 0.001499 0.015254 0.073450 0.038974 0.060312 0.007848 0.001411 0.086148 0.045587 0.026365 0.003527 0.025042 0.018164 0.087999 0.012962 0.067895 0.059607 0.080945 0.034212 0.001852 0.002733 0.039062 0.064897 0.034389 0.032977
cxhuuyyhtgdg l
0.077152 0.049996 0.054077 0.072208 0.018601 0.062240 0.005180 0.021898 0.015619 0.039008 0.030374 0.000942 0.076682 0.043011 0.009575 0.015933 0.019308 0.055176 0.044345 0.042383 0.044973 0.020250 0.029119 0.072286 0.051409 0.028255
ngjncpxrj vbvccefkbe
0.021726 0.023079 0.059515 0.007355 0.081833 0.043622 0.045904 0.041931 0.047933 0.038634 0.015809 0.037028 0.016823 0.053005 0.030856 0.007270 0.056302 0.076845 0.028827 0.030518 0.068898 0.013103 0.001099 0.063657 0.028658 0.059770
romdxllub ryy
0.051037 0.036640 0.051540 0.030953 0.004823 0.049669 0.047797 0.055572 0.039015 0.018716 0.045494 0.041247 0.037072 0.069608 0.071192 0.012309 0.012165 0.014397 0.047221 0.061258 0.032033 0.067449 0.020084 0.029297 0.030809 0.022603
xbltzyd yzvahn
