900
000000000000000000000001
111111111111111111111111
000110111110011011111101
000010111101000111110110
001111000111011010010100
111100111101011000010001
111100000101000100011011
101010000100011000111111
100000101011010010110010
000000110110010110011000
010010010001000110001100
101110000100000010010101
011010111000101100100000
000100100111000001011010
100101011101101101101011
010111111110100101100011
111000011111000010100011
111111011111000100111111
111100111001101011110100
010000001010010100001110
111101010101100001001101
000011000001101001100011
011110011011000100110000
110111111101000111010110
100110110010010001010110
001011010110001100001110
111100010000111110111001
100010110111101100010101
100110010001011110000110
100011110010110010110101
000011111000110101010101
110100010101010111000100
111010111010001111000101
000010011010110001011100
010111010110110001011010
010011110111100001101110
111111111010101111101111
101010101100111010010100
000100001011010010010001
011010110110000101100001
110001011101010010111001
101110100000000001111101
000010011000111001101101
011100101111100010100010
100111100011110010011000
001011001101110010011100
010101001000000111011010
111101000110011101001010
111111011111100110011000
110000101101110100000001
110010110001001110000000
110101001010111100101010
000111000111000000011011
111111100101011110100000
001110001101001111010111
111110100001100010100100
100011010010010010110001
000100110001111101010111
011100101001111100001100
010111101010011100001101
000010110101011101010000
110001110101101000111101
101011110110100011101010
001011111110010101111110
100001110101010000000011
010010010001101110111111
110011011000011101000101
011001001000001100110110
010110011111101011000010
010000111001011101111001
101001010001111110011111
000001010100010011100101
000000011011010001011100
001010001100000001011001
101101111110100010100001
011011100000111000001011
100101001001001000000000
110100000110000010010110
000110000001111110000100
001001001100010100011110
110001100000110001100011
010110111100000111001101
111001000010011001101001
101011110000110010000111
100110110110001100000010
110111010011001101101101
110100011110101101001111
001011001110001101001101
010100000100111101111001
101101001100100101101010
100111001100110100001000
100011010101100101100110
000111100100101010010111
000001111101001000010010
010110100101100100100011
000100111010111001011101
001100110101101001101010
010011101011001101101011
011001011101111111100000
101101100100101110110100
110010011110100101000111
110011001101111010011100
010110000111010000011101
110001100010101110001011
101000011101010011000000
000000001100111000101000
000000101001000011101100
011001000101111111111001
101100110111110011100111
110101100000001010100101
001101100100010110101111
101101001000100011010001
011110000011110101111011
110000010010011011001000
000001000101100111000011
100101100010111101100100
001100000101110111000110
000011101001110111010101
011111001000011110100010
000111000001010100001011
110001010001110100000100
101011011101100101001000
101010001000010100101011
000101111010101011011110
111001100010100000110110
110001111111110001011011
111110110011101110001000
111111111111111110111010
011011000110000111011101
100101100110110010100000
011010010001100111011011
010111101001111000100010
100000001000100101011000
010101100001001111101100
011101000010111000100010
111000011110000111011010
001000101110001100111101
111111100011001110101011
010001100010111101011100
010110110111111011101111
000110011011100010000101
101011011100101101010110
000111000101111010011101
011010110000110000100101
100111110000110000000011
101100001011011101101011
011011001010110110011100
011111110111110101000000
000000101001010110011001
101011011100011100010111
111010010101000100000100
010101111010001110000010
011110111010111000001011
001000010010101101101111
011111110110111100010010
010110001110001111011100
001101110110111110011100
110110101100001001110010
001111110100011111011110
000101000111110000110000
111010011111110111100011
111011011110010000010010
011001111101000101000101
010001101011100110001010
011011100111010011110011
011110000110101000010000
001101010110001111010011
101000001100010111111010
111011111011010110010110
000000001101110100000001
001100101010011111111101
111001001010110110010000
010011001100101010010111
000001111100010011011110
010001001010111001000101
011001000111101001100011
100011100110000010001011
111001100100000010111100
000111101001101011011001
111100000100110110101100
111011110100101011001110
010101000010001001010101
110101110000101100100100
110011001001010101010010
110100001100110110010001
000100011111101101110010
101000001110101001010001
100010001000000110001011
100100111110110000101010
010101111000111100001011
110010110000111100000000
100111100001011100000010
010110111010101101111011
111011010101011001101000
110001011001110110111010
110010000100110101110010
110100001101000111010111
010111111101010000001111
101000011100010101101101
000100001100100010000110
101111100100101111111000
101001011001100000110011
111100000001100000101001
110111011110000100011000
011001100000001010100010
111111001111110000001101
101010110101010000101110
111000101100111110001111
011000001000110111010001
110101001011000010101001
101000010001011000001100
110111101110100111011000
010101101100011100101111
011000100110010010110111
001001111001001001010111
101101100000010100110011
100010101111000100110010
001111001110100110101010
100001110001000100101011
101110110011000011000100
100101111011001000011110
000000110101000000001110
111011110111110110001001
001010000001011010110010
101001011101001100010100
111100001010001111110101
101111100000111100111010
110011100111110001100111
001111100100111011100111
010101000000011110100101
110111001001110001101110
001101100110110000001011
011011001101000001010110
010111110001010110100010
110000111101011011100001
101100101011111111001011
101111110111100111000110
101110000111111100011100
110000110100100010100110
100111101101101101011111
011100110101000001000111
110111110001011110101000
010001011000110010011100
000100111000110010100110
011010010101111010110101
110010011000010000000110
011101001101111001111010
000011100001111001011111
111101110011011111110110
011100001111011011000100
100010111011100001001011
011000111101000100001101
111001100001111100101101
001110010111010011010111
110111101101100001101100
000011010001001011011110
100111101100011001110111
100100000100110101011010
111010011011000101100100
011101101101101010101011
001101000010010010010101
110000010111110110010111
111110111100111000000110
101111011100010101101100
010111101001011110001000
000011101110011101010000
001101010111010111010011
000111011010001010010101
001000010001001101110101
101000000101110111101011
111010110101111000011011
100110010011111100011110
011001001100111010011101
000100011010100011110010
111011001110011011101000
000010010110010000001001
111101000110111011111101
010100111011101001010010
001001100000000011000111
011111110001110110000111
100001100110101011111101
011010001000010111111011
010011010110110101101101
010101000111010101101111
100101101101110100011011
010101001110111100011100
011000011011111101011000
100001111111011001001100
010010111100000011000001
100110100111011101011011
010000110000100001011111
001100100110111001000111
001000110001011000100000
110000100110111011000011
010111001101011100010001
001010110111101011111110
010110010001111101011010
000111101000000100000110
101100111011111111011011
011010001001010010100110
011011010111110110111100
111111101010101110011110
011000110100000011001011
011010110110110011100001
100100001001101000000110
010110101011100011111110
010011001000011000111100
010011111000111001100000
101011110110000100011001
011011011000001001101011
000001000010001101001110
110101000101001100011111
111010011111110100111101
001000100101110000100011
100101000111100110001000
001111110110000001100010
001000101101110100001010
100110010011000100111011
000011000010110000001100
010001001111110001001000
100111011110011111000101
100010111110011110100011
101010111001001100011111
011001101011000001000111
111111000111000001001101
001001111101100000011110
011110011101000001101001
100011011100010100000001
111000010000111111000100
000110000011100101101101
101110011011101010111010
001011100101001000111100
110011110010111101101010
001010100111110000110111
110000000111100000011011
000110001010101010101000
000011001010110100001110
010000111011111010100001
101100110100011010111110
011010100001110110011100
000010001010010110001101
011011101001100010000010
010011111000101111100100
111010110010000010100011
101100010000110010010000
101110101010000011100100
101101111101111011011010
101110000000100000000110
110100010101110001001010
100110110011000110110111
111100100111000111111001
011100101011001100011110
101011110100101110011000
100010010000010010111111
111100001100101011011110
100011101000100111011000
001111110000101010000000
000000100111011011110100
001111100110110001000011
101011010110111001010101
000101110011101110011110
110000000100100011100110
011100111010010111000001
100110110100101001011110
011001010110100111010110
001100001110010111110101
111000110110001111001011
010111110000111011000010
001001100110110000011111
001010100101000111101110
010011100111111000110101
001100110001010011100010
011100101011100100111110
011000101111101110010100
010101001001100111000011
001000111111100010111100
011001010101111101011001
110000111101110101001010
100000100101100110001101
101101000001010001111011
101001001110000101100001
001010100110011100010100
110111100011111001011011
010100101111101001110111
011111111110010101110110
110101101101100011111101
010100010010000111101001
110110110101100000000101
100001000100010101000110
101010111100101100011011
110111001111010111010110
101111101101001100010011
000101011001111010000010
101011011100100011101100
111000111111100110110101
001011101001110111011100
011100010011100011110100
111111100000000111001001
011011000011111101000000
100010001000001000101110
010111111010011000011011
111110010010111000101110
111011101111110001000011
101110110110100101111101
001100010010001000000011
010100111110110011110100
100000001100010100001011
010100110110000111100010
001010000110011111110100
000111111111101111111110
100101110110000000100010
100011000101111110000100
110010000011110000000110
101110011100101101100011
000000111001100110001100
010011000000010101001111
001100101001100111001110
110101000001000000001100
100000010000010100100110
010101011110100001100010
100011010000101111000100
010011110001011001100110
001000110101010000011010
100100101110001001010100
110011000101111010100101
011000111011010110110000
100010000110101010101001
111110110001111100101011
000000100111001000010100
000001011110100110001100
101100000001111000111000
101110111100000010111000
111010111001001110101110
011000010010111110101011
010011100000101011110111
101011000000001001001100
101001010110111100101001
000100001110111100101111
111101111010001000000100
001100101111001011010111
110100000100000001000000
010110010100101001010011
010110000010001100001011
011111011111010001000101
011110111000011101100101
010010001101100110110101
001101011110010001011011
011110010101011011000110
110010100011010100101111
011100011111011101111010
001011111101101111110110
011111110111101111010010
110011101101001010011011
111100100101110100000001
010100000000011011001000
010010000001101111100000
010111101100110011011101
111010011110110110110001
011111101110010110001101
011010000101001100001111
001001001011010001101100
011011011011100110110011
001011011111000000011000
110011010101011010010000
101010111101011100100011
100100100101010100000000
110100100110111001010010
001001101011100011110011
000111000011101110011000
011110001100011110000101
101001111101110010111110
010100100101010110100111
100001001010111001111100
011110110111100000001000
010010001000110000000101
101010110001000101010000
100000010010011101001110
110011001000111100110010
100111001101101010100101
101111001100010010010000
011001100111000001011101
001011010111111011110100
000011010000011101000000
011100101100010010111100
100000001001100100100010
111111110110010010011011
011001110010011111111000
011110111001001010011000
000000000110001010011010
111001100011000010100101
001010101001000110110101
011100110111000010100100
100011000110100111000111
101101001001000001100000
100000110111110010010010
100100001010001100100000
101011010111111000000001
011101001011111011001001
110101010110001110100110
001001110101100100011011
000110100010101011101000
010000100111110010111101
111000000011110011101010
100010000100010111110110
110111000010000100101001
011011001001010101010100
111101000011111110010011
100111000010010111001101
000010101100101100101110
000110000110101110100000
111010011001001001100101
010011110111011111000001
000000001110110010111011
100010000011011111100111
010011001110000011100001
100001001110011011011000
001001111110100000101000
010011001011010101110100
000001110110101110000001
111110011110101100111001
010100011100010010010110
001101010010000101001101
010110001101000010010111
011100000110000000101001
110000111100010110001101
110111001000111011101101
111000100110011011111001
101010001101011101011100
001001011111111010100100
011000011010111111010111
011001111010001011101111
011001001001111011101011
001010001110101010100101
010001100101011110001100
011001001010001110011111
111000111001000011011011
011110001011001001010110
110001100001011000100001
010100111001110001011000
010000001101001101110010
001001100110100111101111
010001110111000010001010
000010110111101010000111
110100101110101000110001
101010100011010101100101
000000010101011001100011
101011011011111001000111
011001100111100001101100
101001011101001011111110
101001101001100100110000
101111110001111111101111
111100000101110001011110
001111011100000011110110
000000110100001110011000
111001100011110101111101
010010101011110100111011
110101111100010011100000
000100111101011011000111
000001010010101101100010
110110011111011001010101
111100000011100110011010
010111001000110100111011
100101100101111001110111
101100010011101010001110
001001000011001011110000
010001101110001101011111
000000110000101111001001
000111000001010110001001
001001010010001111100101
001011011100111100100100
101100001011101001101100
011100001110111010001101
101010110100011110101100
101001010010000011011000
011001010101110100110011
111000011110011011001001
010001101100000100101110
100011101010111111011000
111111001110111001101111
110001001000001000100111
110000111111011000010000
110110000001101110100000
111000010010110011000011
100111011010110111011100
010101100101000000011010
011001011111110101000011
111000111010110101110010
010001101101010001000101
100001010010111110011000
110111011000110101000011
101001000010000011101010
110110011101010011000000
100010010111100110001111
110010111101110001011111
001100000100000100000000
110111001100110011110101
000001101100011001011001
001110011110110000110010
101010001000101000001100
100000111100011001111101
011100011110010000110101
001011101111100000010100
000011000110110000101101
111011010111110011101011
101001101110111111000110
000101101000001000001001
100000100101110101100111
001000011000110011011101
110010111110111010101110
100101011011101110011010
000110111011100110001000
011010010111111001100010
010000010111100001000110
001101000000101011000011
110110100001010001000110
100000110011101001011011
101100011001001101100000
011101001001011010111101
001110110011000000100001
010000101010001101100001
111001011001011101011010
101110101101011101011010
011010100111011101101000
101000010001100110111110
100011100111001101011110
101100100100011011110011
000010100111000110110011
000101001110100110101010
001101110111000000011100
000100011000000101001001
111101100100111001010110
011101111010011010001001
110100100000100111011000
100100110010100101000001
000000110011111000000100
111000011011010101001101
010010100011100101000101
000000110001101111010111
010010101111100011111000
110100100100101111101001
111111010000100001000110
011001001001001111001001
100001000110001011111110
110111100101100010000100
011000000000101011101011
100111011111011000111010
000001001111001100100011
000101011110111101010110
010001101101011110100011
111000010011101001111111
110101010000111011101000
011101101101101111110111
100111000101011010001001
010100111101111011000110
011010110011101000100010
001111000011111100100000
101110000100010111000111
011001111001011101100001
110001011000111110011001
110001100001010101010101
010101100000011010001001
000001001111001111111001
010101101010000011011010
010100001100101101011000
001110000101011010011011
001110110101110111010000
001100100111011010010110
111001000000001010110010
010101100100010000101001
101111011111011110001000
101110100000011111100110
111000001110010101110001
101010000100000111000000
001010101111001101101000
010011110010011110110000
100010110110111111010001
111100001110100011101011
000100110011000010000000
000000000111111010011000
111011110100101000111101
110010111001001100011010
000100011111010000110101
001111001100110011110000
101101111110000011000101
100000111001001111001100
001000001100110110001011
000101100100110101111101
000111001000111011100110
010110010111100101010010
110100011011101010011111
000100101011010001011000
111111001100011111011101
100010000110100101010111
010110011101011001010010
100100011110010100111010
110101010101110001001010
001101000011010100011111
011110001111001111010000
000111010001010110000101
011101110000000000110110
000010010111101100000001
011011101010000000100011
000100011011101100100010
011101110110111000110101
011000111011100001001110
011100110011100011101011
101101110011111000000101
010110011001001111010100
111000011101011100001100
101100111100110010001111
100001000000011101110010
011111100101101110011010
000100000110010111111111
101110011011000111011000
110001100010011101100100
001101101100011010100001
110110010011110101111001
100100101100111111101101
101011010110111110110011
111010010010011000111111
010110110000000010110101
000111011011111010001010
011110000111010001110011
010001100110101000110111
010001111000001010100010
101011001111110111011010
111000111001100010101011
001010011001001101011100
100011101011101011000111
111001101010100101111000
100100001101010110000110
000010100111101111000111
100011001001001011101010
011110100010001111001001
100100001001111010010111
000011100100101111111111
110010100111001110101101
000110110110001101111000
000111111101011100101100
110100110000011100110010
010010100010010001111101
010010111010000101000111
101101000111011100010111
001110001100011011001001
110111100001101010010100
111100010100010000011001
001100100001011000111000
110000100101001110110010
111011000000111000010010
101111010001001111001000
001110010011100101111111
110011111111010001000010
101110010011100100001011
111110001101010000001101
100101111101110101011001
000100100101011111000110
101011000100011001010100
101110111000000110100111
100011110101000110110101
010000001011101101011000
011001111010011010111110
110000011010000011000000
100010110010101100001111
011111000111010011101110
110111111000100101100011
011011000001000100000011
101001101001011110110101
111111010011011011011001
001110010110011000110001
110011100001010100001001
100110010001110111000011
110001000111111000100110
111101111010100111101011
010110110100011001000100
111110010101000111011101
010010111011111110101111
010100101010010001101111
110100000101110010111101
110100111100101000010001
100010000000000101011010
010010001000100010011110
011111011100101011010110
111111100001110111010000
010101101011101000100000
100000001110100001111101
010010010100110111100100
111100010111011011110100
100100101101110101111111
001111001011001000111001
101010111011101000001010
111101011100000111110001
110011100011001010010011
110100100110001001000000
110000100101110000011010
100111100100010001011011
000110100001110111101011
010001101010011011111111
010111110111100110110000
101010011110011000110010
100011000011100011011001
000011000110101011101000
111110111001000011010011
111001010011011010100000
010111100001111101011001
011110111100101001100000
101000010001010011110111
010100011011010111110100
110011010000110010010101
101111100010001010100100
100001101000111111000010
001101011010111000110011
010101001111101010010100
011001011111101010011111
001001110010010111010010
011100010110100011110000
101011000000101100011000
010011000011111110110111
011001111010000100100100
001010100100001100000000
000111100011101100010001
001110001100111011110111
110101100100001000011011
001010011011010001101101
101101100110011111111101
111100110000000100000111
011101011100000010010000
110101100000100100000111
001000001101101001101001
001101110111111011100101
111001111111000011010110
000011000010001111010001
100001001010110111000110
010110110100011110101010
010100101011110010001110
111111010100000100000110
110101001000000111100100
101110000111001100110000
001000100010100110101111
001010010101101110010111
011011000000011011110110
111111111101110010110001
111101000101010000000010
001111100110100010011001
010101110001101110000110
110100110111101101100010
101010000101101010011011
101011100100000110110101
011110000100101111101000
001111111101100111011010
110101110110001101011110
110100001011110101100110
000011111010000111001000
011001111010110100111101
000011101111011011011000
000001010000110110000001
111111111101110100110110
100110110011111100000000
000101100001010111111110
000111010001110010000001
101111110011111101111101
110001011110110011000011
011110101000110000101111
000011110100001101100001
010000100100001111011101
001101101010110001000111
101110100001111111110010
000101100101010011111110
100000011011000100110110
111011010001101100101010
101100110110000111011010
101011011001010011011000
101000101001100001101110
011000110100010011010101
110001000000000100011010
110101011101100010010000
010111011111001100010000
111001001110110001100111
001101101001111010100001
011010101010100000100111
001011101011001011110111
100001111011101110111001
100000000100111010001000
101000011101101111101001
001010000011010010000100
011001000110101001010000
011011011111011100011001
101111011100110101010100
010001000010010111110001
011001111000010010010001
111001000000010100101110
001000011101101100010000
100101100001010111001100
100100010001100000000001
010101101110001110000110
111110101001001101000101
010000111111101011110110
011001010011001010010110
110010001110010010101011
001001101000010110010100
100001100010100100011100
