1000
0 0 899.64014394242383 4408.2367053178723 -2.0 78.465379346355292
0 0 1599.3602558976427 7836.8652538984397 -2.0 78.465379346355292
0 0 99.960015993602667 489.80407836865248 -2.0 78.465379346355292
0 0 100 400 -2.0 78.465379346355292
0 0 0 10 0 90
0 0 0 -10 0 90
0 0 1 10 1 90
0 0 1 -10 0 0
3075.646271 310.343508 2927.014895 152.555149 0.000000 104.080397
3469.872237 6327.423465 2138.204071 3059.386132 0.000000 121.431294
1641.226145 9887.878793 8166.503430 4543.933667 0.000000 162.121835
454.488290 9719.394369 4637.429495 7169.666501 0.000000 24.384437
1660.603320 1106.121714 3460.131873 2019.526734 0.000000 109.232603
2347.935207 6185.546830 1878.207431 3331.577620 0.000000 139.540897
5063.589643 6513.356496 2740.495197 6780.559290 0.000000 139.551443
3648.261124 5387.046552 7180.715335 8282.076769 0.000000 159.506228
411.171542 4852.931375 6235.619427 6871.242121 0.000000 91.778057
6487.682436 3922.203984 7992.466093 9109.175817 0.000000 135.231964
2435.281048 940.228838 3198.554947 2115.663713 0.000000 117.139593
2539.863671 3206.516139 9145.139482 2370.333197 0.000000 37.797614
785.351331 7556.282821 2441.928698 3214.189530 0.000000 60.791759
7720.750084 5612.193196 8582.567120 7282.982484 0.000000 7.366533
2120.384612 4072.355743 9314.061151 3540.956086 0.000000 136.645705
6692.569744 4487.188629 7898.966674 1659.158147 0.000000 133.391070
9490.295411 6926.925337 2788.377116 3814.458607 0.000000 76.342962
2450.307725 2401.506141 9507.749950 6758.966101 0.000000 138.725864
8222.236466 6822.668265 9779.355922 1425.204904 0.000000 159.619425
6945.043790 1075.345608 1852.945398 9152.666601 0.000000 123.634033
3276.254448 7621.535249 8312.148305 5729.596852 0.000000 56.406097
3116.922210 1407.988948 4021.608140 4643.141547 0.000000 173.446355
7550.951973 7947.548673 5206.544003 20.478084 0.000000 130.572551
7741.313648 9107.956757 3691.909897 5225.554784 0.000000 57.127896
7976.137853 1047.392203 4217.681505 1656.316799 0.000000 65.154330
1035.356188 164.950900 4364.596362 4646.308611 0.000000 61.051824
8779.224835 3627.361545 4615.546238 7498.134842 0.000000 162.206513
460.128732 6124.636308 3112.996150 9347.506217 0.000000 82.271197
2190.165088 4332.181511 8773.901699 422.730258 0.000000 64.142676
7049.140892 5432.000930 2017.968268 8205.779429 0.000000 34.472928
2472.006982 5938.212736 7049.114840 9340.309405 0.000000 43.665186
6890.733665 8382.550335 429.425260 8536.582097 0.000000 45.113727
1727.972028 7913.571516 3913.881963 4463.546334 0.000000 16.344712
4115.776056 7129.032180 1147.041231 5159.116978 0.000000 158.057780
5919.817968 2994.785999 6604.911964 8203.649549 0.000000 162.802503
5449.361216 2181.954598 8502.312036 6.497750 0.000000 108.004116
8195.929652 119.234376 5363.171117 1188.942132 0.000000 109.588830
7663.927728 4643.414528 6646.444257 8705.298678 0.000000 163.316030
8512.070242 8241.365002 7387.641333 725.583930 0.000000 121.598721
5240.505389 1535.429635 628.980983 7904.334421 0.000000 126.314224
3955.323332 86.489822 7867.160677 3292.573440 0.000000 130.647169
5355.009722 5817.099757 4147.273932 8851.606884 0.000000 85.001999
1755.945929 127.923733 4659.615108 3159.411653 0.000000 30.128795
4639.306993 4601.774663 6244.784222 3029.367542 0.000000 9.449442
6077.426116 7411.771853 5394.505488 241.467805 0.000000 94.062250
7735.046482 8539.477104 4355.850045 9569.939830 0.000000 98.130769
2977.987962 6230.420543 9806.026699 3203.018858 0.000000 108.880848
1706.149454 2955.910159 4586.431301 9980.343857 0.000000 24.404774
3884.400139 8023.630501 7062.751257 9450.295068 0.000000 130.753435
5178.737948 1053.467685 8166.023254 7474.129701 0.000000 57.634383
3239.723503 7759.213960 9631.594936 4927.047881 0.000000 111.742225
3441.823199 979.027457 8818.354589 8297.668276 0.000000 135.302409
8190.338817 938.999766 6963.967087 964.791159 0.000000 50.527384
4506.156138 9826.475347 2121.759431 3980.239712 0.000000 156.603544
8055.266740 1346.765578 4968.127570 7311.854316 0.000000 142.615196
9651.388676 7428.619930 9539.655876 2848.615076 0.000000 110.647176
5444.664761 9790.971818 62.316062 3863.862014 0.000000 169.823664
693.520987 3144.462837 6003.984602 8624.709248 0.000000 66.423579
4117.996090 5015.575753 9597.954971 4568.608745 0.000000 117.393800
5007.131125 7585.915502 7067.687939 3947.806138 0.000000 71.462175
6630.479237 6307.343465 6892.142723 6037.173536 0.000000 81.358722
5203.020551 4456.556035 5575.444834 8490.600283 0.000000 22.601645
6425.035235 4299.557131 8086.062136 8148.410832 0.000000 99.928046
9785.763115 2278.625304 6435.344937 9511.848936 0.000000 158.017542
8983.357569 272.705774 6904.293334 1504.784671 0.000000 115.788461
2622.652788 1929.222135 3839.598369 7530.094882 0.000000 173.695433
7932.417442 2626.813249 264.148041 6134.302003 0.000000 15.621002
5702.302900 9539.807716 7642.650703 9916.163128 0.000000 40.541188
8371.468328 1922.872261 3990.028687 1017.662319 0.000000 167.091687
1535.584654 9663.206005 3554.324069 9971.779686 0.000000 37.491990
8180.441060 7269.064763 822.725657 5564.577510 0.000000 119.448975
8272.816072 5689.046437 6369.247936 1153.665828 0.000000 130.101046
1515.790479 8198.949599 7956.025516 2312.669689 0.000000 123.083744
3829.539268 1583.055378 2188.494789 3964.144982 0.000000 108.448441
8197.873824 8422.719961 4742.771510 7151.813594 0.000000 106.464457
1210.476106 5210.024479 7082.908078 3389.126719 0.000000 79.774221
129.591328 3829.375961 2530.606910 6092.888189 0.000000 80.301644
9010.233399 1128.198213 8019.230247 5132.120102 0.000000 13.394730
6425.302647 4308.862785 3136.318702 9840.543670 0.000000 22.236099
1494.166165 2948.968079 1270.197308 59.644342 0.000000 83.269143
3519.216561 1811.763888 3850.483190 2563.906752 0.000000 48.459087
6498.913749 8556.182453 2639.914215 4811.350701 0.000000 18.611864
4392.062478 9564.188799 9465.784823 4687.528146 0.000000 178.199410
5946.108285 7871.328967 8368.950222 7290.837935 0.000000 38.342684
2213.638012 5532.402390 3308.919836 1178.964534 0.000000 43.751730
9372.541239 2912.824676 783.813551 4375.321498 0.000000 150.637230
1437.821965 7642.188560 3074.707797 3652.085404 0.000000 82.536514
1414.772779 4889.460627 5898.216704 4579.984172 0.000000 85.654887
2778.093092 6489.787658 5140.396824 3130.611157 0.000000 172.500186
7546.201811 7530.660136 3065.420441 5283.313816 0.000000 145.512052
4889.043067 453.646163 5487.964099 9049.960004 0.000000 40.972765
981.584513 111.932799 8259.863840 5441.474453 0.000000 60.129846
3117.540598 7379.568502 2173.459888 2073.803875 0.598892 126.014938
6286.219982 1001.389608 4252.577406 2593.009147 0.312869 0.860014
5027.424967 3652.721806 3542.920011 7994.712486 0.106211 13.086577
1016.608181 1191.219944 8288.548459 151.805130 -0.878958 64.352485
8528.115200 4325.347562 2778.309271 6495.213417 -0.281603 110.312672
469.568416 7770.117818 6939.402116 9705.711130 1.894139 147.248800
9003.832406 6238.157619 518.874361 162.366335 1.645449 46.214288
8411.684842 7855.159211 6680.963198 2570.842579 0.433438 177.381867
5266.882203 6041.071447 5250.783047 6030.493069 1.777249 134.838895
7785.808558 7592.775283 6341.778238 7781.291310 1.927007 93.983054
9729.864654 4759.554911 3225.443127 3525.482715 -1.436407 93.697469
4802.455228 1357.359330 2015.525986 9288.579377 -0.183595 118.336357
884.871323 478.263602 992.576409 732.854655 -0.982686 150.875227
3456.321422 3893.074873 5604.266555 9345.431439 1.148989 39.954737
8371.344393 9811.849739 5727.186832 1392.831845 -0.285070 7.494502
3020.106254 6972.045428 9520.300079 4583.573014 1.760902 158.529527
4439.668164 3998.811041 5961.202227 347.957936 -1.795684 85.321725
3811.961374 5276.873893 4224.795866 2086.275297 -0.141482 58.954446
80.447529 9057.773100 8699.704977 3928.541158 0.139143 64.798603
5214.540206 2787.703775 369.245463 1984.878536 0.163719 115.651744
9489.828485 1486.611125 8208.319528 3958.485384 1.744914 66.140945
4542.747758 963.798268 3331.180692 774.549831 0.761088 143.228605
2879.093236 1463.338210 7002.447955 9698.830060 1.881630 165.386839
5913.943494 3456.883445 4898.493646 5648.039361 1.132728 73.167811
4912.167159 4423.695085 750.703248 1118.584150 1.003243 88.389204
4768.481772 8978.264559 4757.077232 4687.220793 -1.410926 60.807412
4267.553784 9243.898604 5924.016729 9392.209004 -0.275766 28.735951
6120.121244 4263.987826 3274.407101 730.710100 -0.598252 93.290020
8971.610991 7048.017758 2078.543640 6470.367181 1.488791 90.444356
2984.971609 2842.090990 6847.065964 8151.880667 0.417114 97.462890
2237.972344 8887.964401 9654.633399 4955.325189 -0.001763 123.014432
5744.286665 2503.248299 7793.107234 1635.102076 0.776910 16.886084
4573.302652 3210.098752 9105.760847 2334.653652 0.587489 15.039477
3440.557131 5010.880026 2420.547209 4329.048523 1.594922 19.156459
9872.475406 5125.967235 8040.472546 9886.647708 1.651516 43.060162
4187.991625 5659.066289 3491.159079 9484.437127 0.036385 128.681200
6126.642745 9045.705461 9867.024275 6268.142378 -0.492109 14.711836
3997.619272 7796.365991 6824.138887 4849.573856 -0.780598 115.835379
5205.565845 4211.155745 174.541644 8930.175150 1.741713 99.453058
1373.886548 8380.911023 6247.102168 2700.597488 0.705359 91.113692
950.958237 9081.760834 5766.165774 3079.202788 0.114312 106.276530
9033.761172 5016.909756 6502.259865 424.330222 -1.932046 132.437453
530.488853 5379.815186 5878.794968 7911.356127 0.527314 45.792040
4030.996604 2744.959131 53.512307 7050.159176 0.128128 75.203608
652.484032 5892.668946 5680.667122 3294.471200 -1.681189 63.934137
3437.352126 118.331220 1015.593265 43.385902 0.914825 37.963340
7829.251350 1857.994029 8632.171308 6957.409567 -1.671498 76.285713
4539.202811 8794.666456 7639.284199 4025.998548 0.259185 141.793627
402.346152 5924.241331 6726.919050 2568.441115 -1.296118 25.621786
6252.116822 9007.266897 3937.110099 8881.840294 0.152403 148.475888
9505.989231 5281.927746 5999.242379 2844.230386 1.329653 90.766183
2137.613450 4852.457415 1121.819870 8931.654471 1.595179 91.521638
6545.232485 6602.414516 8990.931226 9028.233095 0.047732 172.217031
5025.461899 8339.237311 555.344366 7529.512751 0.639305 144.885830
6103.365236 9899.346163 6114.158579 8712.071777 -1.504633 109.235295
8801.515705 9594.719953 1868.813095 2535.639867 -1.330386 66.884396
5468.439483 2343.943599 4029.185569 8045.733749 -1.575973 44.203830
4415.223726 2503.616804 2814.608267 7661.671012 0.697161 171.383234
5181.686511 5418.851660 1274.579665 1892.187124 0.771898 83.052747
4592.593277 382.293597 1249.315850 2662.885434 0.532172 74.751638
9160.984276 9586.263111 9444.316555 6429.289792 -0.452030 85.410121
5109.528017 5047.687082 4421.832481 1767.986886 -0.822058 45.374096
8040.430968 9874.556768 2200.279593 3086.622551 -1.254151 94.875422
9787.098472 4838.638728 6453.773819 4590.504031 0.634525 62.689960
5392.464703 3453.697545 4340.311285 527.145706 1.040596 128.426252
1614.446452 2781.968103 1549.718750 7056.909262 1.523725 34.781418
3461.865491 6373.168071 9011.110353 2643.347222 -0.067965 4.457304
3586.665649 5167.873006 8062.719728 1615.066639 1.544522 67.455947
2941.360370 1177.214524 2961.910340 5234.811357 -1.716846 21.313730
9964.138449 3309.008430 7065.895002 6152.635474 -1.259231 43.570159
156.449783 90.703244 7479.014107 2168.905753 -0.137648 162.419375
1716.453677 7204.864637 8543.811302 9658.570571 0.910613 179.017810
4802.458204 9884.904389 6322.902724 3398.548762 0.533451 80.213617
8908.166467 9217.826949 8717.758384 9701.876969 -1.790236 31.355451
2089.706892 4386.030296 1608.771957 2220.784864 -1.852436 179.098854
7715.305582 8689.568199 3356.901366 2280.295087 -1.901600 108.465017
4803.092715 8880.374789 4127.998691 7607.163535 0.976034 177.463947
630.671583 4686.189788 4202.694751 8507.600384 -1.745860 37.953451
3370.253380 7398.414589 6102.172339 9321.677794 -0.316148 160.587160
5222.611453 3757.790690 8846.827396 4961.727089 1.921176 173.165187
5557.885248 9026.247555 1792.969486 8864.290445 1.378084 99.835568
9556.095986 2732.913069 8553.360174 5306.933213 -0.611686 28.734161
1878.672356 2996.262478 4760.293987 8037.836768 -1.823978 49.065959
1066.563609 3140.576580 3603.609020 31.743650 0.886335 157.527709
8191.674749 4349.946219 9867.740867 9133.359270 1.022904 76.495768
296.142200 3862.377039 1767.715495 8810.423274 -1.832269 1.635651
3316.919562 2444.250326 3378.583249 6363.698870 0.149233 129.550700
1458.490626 2064.397963 2469.739492 6099.244543 -1.620470 112.733406
6760.320675 3488.961092 5667.128469 7247.427331 0.592857 61.309042
8292.653960 9343.438865 7113.497316 5119.837959 -1.437401 121.699039
9857.950278 5656.021291 8189.418566 5154.974819 0.621131 50.150980
6097.957199 344.338665 4874.259879 8360.415498 0.208440 3.789657
2799.073627 1092.778829 9413.903287 176.071371 0.673659 179.084409
9211.108630 4864.933887 3036.816980 4141.690172 0.777173 153.983580
75.250624 3399.644805 3406.846718 4852.386511 -1.393751 47.957148
7493.320855 1662.457288 1673.302802 8647.813488 -1.071955 17.270310
7928.193074 1798.664976 9698.871090 4141.517795 -0.448132 110.378627
5639.405721 2809.949846 4104.571012 1113.680587 0.436473 30.721256
9331.966433 4323.019712 3928.181635 5238.241259 1.624569 17.662474
5302.425988 1523.520947 7176.793339 6588.462287 0.369260 148.099805
4945.505726 1898.486202 5562.659342 2576.208168 -0.022525 94.464691
2146.643396 3891.064274 8910.354031 5861.240969 0.062311 13.570269
2309.313072 3166.411919 1747.147040 6468.031957 1.386103 25.030333
7998.130640 5880.292230 5540.994462 5738.142245 -1.207187 68.740852
335.589966 6313.760627 5003.892677 413.979814 -0.436555 155.075010
2256.564320 1388.729760 5373.559792 4901.369300 -0.239507 36.826749
1853.954395 9029.313985 7133.259591 2119.246530 -0.176629 152.315685
6663.348213 4920.560605 3206.585897 1059.065117 0.090249 149.145050
3625.272824 996.122140 2218.449840 6707.052686 0.494108 138.528585
3390.365654 3734.997671 6361.357848 4010.940051 -0.958916 22.454125
824.041112 5058.812666 8132.129706 7499.579287 1.643664 127.750320
8220.293502 9008.104463 1561.960546 6608.119751 1.453927 40.825807
1515.127943 3370.388677 8374.484999 61.010601 -0.785743 138.851604
8333.553886 3684.765715 1063.233363 1376.682798 -1.306394 122.789472
6113.590748 3426.652962 4441.376654 8956.728180 -1.427053 136.201172
7898.620660 6269.771076 6511.430285 4802.876573 0.937874 103.412994
7216.663052 5937.419827 3227.905668 3879.961689 1.770829 29.500861
4281.536516 4816.736852 47.779277 3944.009606 0.639034 71.786240
6534.902667 1962.186243 4216.839792 2431.966339 -0.536703 113.111104
3247.139891 3820.862063 4128.024755 1132.538991 -0.668597 17.048596
7924.882174 653.951288 7382.990227 914.068015 -0.520939 106.299255
3018.636755 8606.277854 4431.425587 2081.885806 0.680479 110.652752
8738.691292 1308.389143 4863.774853 1999.675261 1.435733 88.831563
4493.800856 7121.012614 4070.574430 681.026877 1.767333 128.982862
5855.912812 4206.595340 7502.834966 9101.629881 0.584972 31.192894
8285.217059 7812.366602 2088.795038 180.926003 -1.925568 58.745807
7851.626638 3968.142058 1367.724104 1635.028674 -1.769674 55.456424
8558.630545 4452.750659 4944.760918 5329.383923 -0.513286 147.730242
779.381615 6797.194174 9274.318777 3197.915152 -1.403934 151.439071
8887.602489 4420.810208 6334.373183 3301.905983 -1.155567 165.578788
2010.970536 9107.953131 8219.746666 5952.011555 -1.064539 33.266445
6524.311889 6014.924153 8287.826288 3004.691114 1.181914 103.144511
4475.231829 9556.711599 5432.270135 9182.916056 -1.047884 133.834545
8605.487737 2885.928351 5005.177106 2491.877513 -1.240956 44.803669
2475.993583 9486.316018 3490.695354 8153.965633 -0.731883 158.893700
6869.092142 9623.185560 356.626706 2842.678479 0.339954 75.772460
44.663733 8204.853928 8647.527990 940.227593 -1.292080 158.593436
6451.518406 1912.884308 374.115331 3885.073035 0.896018 136.026241
3495.863529 9373.890241 6109.230724 5938.844434 0.577057 122.315343
9266.708417 7509.717174 3398.718060 2631.219690 -1.992037 103.845553
1504.890667 3072.605324 1583.579207 1199.229643 -1.100113 62.484218
3337.731813 522.853490 2823.722218 9205.786588 -0.285495 105.313997
8613.689126 4832.688027 9898.257125 8601.369885 0.740788 24.786104
6258.015602 1214.388818 586.160726 7401.898156 1.402624 101.268848
1597.394345 8104.865799 8926.465287 1232.762351 -1.731665 145.835063
3703.545146 6643.216229 3709.956038 7790.422199 0.557208 160.255995
2586.410251 221.459920 424.468840 1074.274339 -1.867833 94.818870
2599.007399 4059.533116 1291.734205 536.831642 -0.214510 24.966660
8239.370177 3960.378139 8692.639879 6302.483223 -1.992612 23.017006
3159.980195 8964.962023 5345.747670 2745.892287 0.504329 140.434103
600.219147 7294.462125 3215.694745 3150.818024 -1.178456 164.322747
4589.916529 3200.526532 5887.242014 1257.943987 0.026048 34.944238
2548.048009 2826.134526 2619.471711 6344.090366 0.214320 41.014244
5704.811214 5309.494585 8533.989033 6361.558283 1.501215 109.165003
8961.202170 5760.796430 4400.727284 4630.767359 -1.809703 32.007966
4190.080014 5744.362787 1743.603142 4865.869688 1.274394 75.424935
3867.574907 5063.446833 7943.073886 3884.604396 -0.289748 115.690983
6563.319848 3247.021843 579.645597 2391.896818 -0.318458 97.372332
3940.887857 6671.509033 7326.325444 9632.024059 1.126641 86.166996
5223.259650 5928.409151 4612.410817 4595.679845 1.165411 150.422131
9728.151736 302.868764 5368.150104 3683.890106 1.904051 60.364186
9209.353297 1208.722261 9210.684684 5327.082593 -0.192059 115.448289
7956.391221 2501.634281 1206.077896 5810.090228 1.975593 163.941284
1478.105321 2851.527985 2068.649178 6456.617989 -1.023691 92.105422
1167.106203 8105.159838 534.546571 1092.612128 0.371322 126.291605
7621.362714 834.871697 337.502649 9268.673417 0.751934 153.964151
4764.838242 294.373123 355.812793 6727.557236 -1.585037 69.182919
9008.443892 749.756033 8194.254315 923.030639 -1.840582 5.320292
6341.591947 5805.475588 8785.193515 8618.805456 0.820362 159.684478
7328.117647 3801.120447 80.541078 1527.583694 -1.064960 119.089037
7851.762445 6734.593438 5070.244783 8115.808403 -1.570765 176.020689
7438.088534 6308.726000 1182.208132 7843.682686 -0.327913 96.620781
7862.601954 3657.973613 5540.127246 2695.254836 -0.883049 144.854251
1298.779693 8865.106421 3995.780532 8561.538188 1.652949 53.576287
8693.155694 6518.838214 7695.543259 1271.119176 0.553239 50.239836
7574.850277 5.019725 8040.851693 3436.644289 -1.474412 81.174449
1779.982062 9898.020812 7081.278086 5139.864568 -1.960140 88.102705
9232.023512 7375.594307 8927.795342 4369.188521 -0.795383 139.176855
4070.867396 7889.029720 9952.511605 9327.345378 0.557459 85.584891
5138.440293 968.637234 3078.105858 736.935004 0.974890 25.899025
8648.134252 839.192712 9052.712504 6301.211016 0.438937 121.964883
1298.895142 7986.324368 5420.060756 3958.082997 1.748182 21.339061
4121.032520 1697.059139 65.064797 4647.385785 -1.253125 37.095028
2906.953731 7358.774812 9345.285638 7364.116227 0.771164 32.190132
9602.094082 3622.248201 2481.017526 9381.461810 1.467668 134.414153
9894.089875 3816.762445 1112.198975 7003.677626 -0.194455 102.054122
5295.221525 2867.445718 748.691167 8075.605981 -0.954795 78.581190
6086.618017 6745.093311 4720.198530 6977.016089 1.898923 166.599434
2873.673377 1733.271547 9620.512569 7928.852052 -0.437931 72.638825
5450.344790 7801.936811 8053.849355 9316.571867 0.337520 111.706786
4913.996833 5625.254823 1613.588759 3293.411763 0.036415 156.354533
8209.496209 3486.668707 6809.211702 3282.775749 0.219648 112.822621
8677.352591 5908.164501 4427.979817 991.902454 -1.162209 135.999657
4870.624529 4473.547718 9364.854906 2235.162558 -0.688590 35.790480
6492.563216 6356.464680 2037.159167 2020.160592 -0.864610 116.315358
7363.831530 2600.810239 3347.975825 7967.405301 1.443782 43.356558
2895.612100 5540.680133 4971.598354 2927.568765 0.577314 117.777668
3632.796107 8914.541328 3171.446555 2560.898725 0.682893 57.346330
7518.202612 467.962950 3060.553237 8301.595721 0.059624 66.512107
5061.721661 2113.934626 7280.494535 6415.034891 1.852972 114.185027
2493.390063 8211.183954 7578.767596 7355.509428 -1.520895 80.321582
5121.474826 6129.331239 4248.118275 8153.326047 0.714082 0.985440
3859.175451 2114.368326 9363.948467 2627.993656 -1.226193 122.279641
2548.809283 8386.682669 8196.225875 7583.050542 -0.805573 170.852375
8091.352875 7453.329736 5027.513945 7250.658648 1.340612 93.204323
3241.730605 6571.857009 6294.877308 6802.109703 1.549657 69.353787
7484.782807 8158.858091 4875.250623 9124.209819 0.079199 166.066274
1860.675887 1405.467111 4304.903175 6900.300339 -1.830723 39.284506
1627.666389 1375.838184 3586.159435 5666.292805 -0.153026 48.997914
6869.342847 6073.668619 279.557887 8493.222673 -1.027093 27.899131
6676.270185 235.194217 8066.907082 1553.812663 -1.980357 119.058887
1430.628695 9532.639618 1628.763701 3555.560699 -0.063213 99.716551
9537.957880 7256.564600 6205.948748 4079.777440 -0.862688 76.276159
7192.289627 914.220972 6774.885588 3686.484994 -1.736398 158.799279
408.265406 1278.131706 5495.515558 6379.490763 -1.723893 6.715521
8553.565697 5707.460769 9591.871423 6043.447274 -1.943667 87.086585
4383.149997 9726.046166 1671.314635 7853.181954 -0.179506 134.454481
1498.161055 1275.569263 2719.981396 2721.645318 1.079526 149.911147
1080.435193 5389.398835 4638.919360 3621.922016 1.721630 45.314807
3510.607539 9590.065612 4686.222317 2334.961462 0.288982 46.254831
354.861957 2657.712369 2012.474019 800.951089 -0.887776 120.076299
9462.181626 8823.649667 5535.990144 3970.186602 -0.716417 49.599879
2279.050157 2406.436063 9585.476349 8759.293694 1.308539 121.631619
2659.183557 2640.609631 6394.319205 3539.856556 0.680576 35.407617
588.060360 7381.948669 2985.040417 3356.818933 0.765356 59.155300
490.531327 6658.336553 25.523097 850.051372 0.638323 83.307550
748.143177 1041.081262 5630.186712 1409.656932 1.459818 62.848334
293.259299 5625.781664 2047.904487 2428.013553 -0.651824 76.005571
6710.647046 2341.200001 4921.340697 1332.152944 -0.534708 5.183022
3173.652340 2374.460158 5985.602525 320.465359 0.289779 132.720664
4249.950782 6955.388838 1332.369612 9038.308314 -1.863500 158.811051
1578.392884 544.872705 9802.536643 677.013532 0.391765 92.635359
3559.675535 1803.302934 3758.122032 4757.917380 -1.637661 27.411053
404.226998 7475.973322 6963.793061 7974.053365 0.962489 83.395971
9494.323799 4641.769738 9089.574816 6432.381476 -1.247032 3.740152
1366.309124 1467.589579 1407.699385 1213.092249 -0.646949 171.124366
4493.879085 3750.230917 4545.340427 8802.441340 -0.587093 179.017306
6214.517940 8885.456196 3087.209990 7343.432489 1.787569 131.703876
6816.796363 4474.640729 7782.416890 4184.838357 -1.887983 69.504592
6193.676438 1275.796863 8952.131048 4512.668994 0.643280 68.277689
5232.200185 9559.442867 2240.713624 1257.180259 -0.798576 19.765677
2887.755604 791.145981 3394.090672 3539.470103 0.685721 6.948856
784.997971 8800.770160 3545.020372 1930.048562 -0.468420 27.569293
9269.775096 3801.379215 2264.060052 231.630355 -1.638092 11.596829
6648.009075 595.023753 7094.729233 3582.658984 -0.085171 12.768486
9398.259738 7573.675747 5597.617262 3838.393413 0.227047 69.526250
8413.098517 3435.506448 7215.762411 4573.141662 -0.665027 121.724984
757.746854 3352.407424 6146.036321 8029.564303 -1.071975 12.339428
9448.696848 9325.798576 4430.793952 5006.781912 -1.858462 139.961091
4734.986278 1054.715580 3711.678011 334.941938 -0.110460 90.974818
9163.974175 3432.079098 9523.000742 2255.322750 1.876538 58.709918
8154.108598 6119.798487 9124.044125 3956.124260 0.946393 0.279475
6170.334236 5087.615633 1125.212578 1667.698692 -0.833258 125.898024
2163.182310 7809.699896 6468.253618 2278.743576 -1.361855 26.784407
3418.777890 4491.157375 7560.475353 7297.335382 1.274570 8.832772
4071.221175 456.657257 7890.584679 1266.717907 0.729976 73.527298
8417.079180 7106.980078 3591.682863 5293.413736 1.435919 124.480039
2978.839336 4786.827814 1956.118684 8211.108770 0.746234 117.818133
8593.608085 3877.856369 8607.068369 3863.264720 -0.976619 73.706180
1227.400005 5522.483944 4121.416549 7034.701354 0.900847 21.768755
9775.024063 9903.227048 4574.994728 8410.326609 0.858436 48.221436
810.633330 3974.527075 6410.541949 519.426367 -1.218601 41.208425
4582.955691 7213.376548 9845.614448 8586.861182 -0.343591 23.200218
6949.354678 284.440448 2845.640349 8427.273350 0.491334 26.283003
7330.168892 8686.424225 8558.621284 5572.889696 1.623107 84.667062
24.036037 9359.566682 7583.676956 7526.348607 0.677427 116.586346
2709.624518 8.463173 5035.444506 2902.579574 -0.367797 68.725231
1991.644962 7367.856460 4048.815712 5012.250388 1.967284 165.098181
7220.207227 4868.188120 8090.888758 2606.572074 1.197604 129.568318
4282.286976 1918.006582 5625.328382 730.954844 0.814324 58.503509
4860.806043 5305.877258 1693.353355 323.514696 1.615206 64.953391
977.841240 8748.168517 1688.797671 5962.912992 -0.404678 176.644437
2149.813761 4302.602675 5834.413010 8356.316802 -1.816440 51.427600
3818.913970 881.171725 6903.780528 7319.080056 0.028277 170.906021
1990.001342 1299.060075 4837.677263 4408.426221 -0.676827 157.088350
4268.075235 2776.477063 6803.980971 3528.114080 -1.424014 80.263611
1299.120692 3374.429160 9643.490100 5932.677655 0.699279 47.020506
2476.487991 2018.837571 8696.377909 559.994958 0.473422 24.519789
3664.472328 5294.183080 5850.169573 5660.036459 -0.886877 175.792345
3557.672857 4530.907916 3893.638625 6634.829496 -0.635407 136.935007
5555.068900 551.792180 474.129112 2947.826017 1.961896 32.505207
8066.302464 6181.816070 5179.544814 3206.627600 -1.742710 143.006583
2837.916315 2882.769076 7510.361956 8096.790592 1.477685 166.880185
6011.549564 3985.967877 2250.043146 990.345409 -1.398265 118.576621
3495.323692 3520.532307 5431.412688 2733.611802 -1.259118 119.728358
2103.660510 3846.127783 7647.928926 1516.511536 1.771816 28.750236
2528.044345 3692.070614 8757.097257 8740.266198 -1.376273 167.889430
4239.063604 8992.080824 6422.056122 4551.264670 -0.924733 59.281112
6054.440881 4517.409206 758.875788 1033.867986 1.354759 132.336900
7473.462725 3900.948057 4392.361165 10.648723 0.641771 124.132321
3578.756772 7580.397304 5231.924286 5760.419940 1.305129 88.636161
1914.008477 2557.492149 2489.877752 9726.524376 -1.864341 26.846055
301.971555 8979.347020 2074.587154 5163.145844 0.882901 121.305171
5080.777705 7422.516706 8166.312892 9587.476811 -0.787492 49.156730
5186.599615 7644.574563 4159.039536 3520.858308 1.081581 57.865746
7344.435291 6424.728412 9330.637613 6181.607555 0.986600 97.957690
5262.193027 5125.905375 1658.623186 5124.068742 0.264308 104.486635
3041.088303 9676.195174 1670.546143 4109.123370 1.498886 81.282495
2371.190898 8906.724646 4616.464616 5266.321115 -0.824712 23.107943
9796.991805 5433.800441 6554.520751 611.139488 -1.727289 145.387642
5205.153032 4592.166796 5096.621156 8675.490922 0.955199 179.799702
4464.894840 6088.861301 3985.634981 3077.141264 -0.482746 108.324225
7069.305203 4047.556415 6753.145938 6694.562021 -1.902554 135.845700
5880.465614 9664.336965 3291.111765 2347.055856 0.386266 170.561949
8338.714763 6729.225898 2084.097823 4843.649938 1.817338 46.656892
2391.369533 433.829617 3382.054291 514.906007 1.922361 50.279572
2032.302004 53.351671 6006.666279 6154.819928 1.216363 79.107094
5793.218208 3848.836506 4505.646293 6169.529112 1.914766 159.861774
1331.290907 1689.468997 8696.223569 2868.499413 -0.091065 75.246840
2925.744038 5970.481988 4437.517619 2673.867455 0.871079 30.943045
9206.585324 2143.834407 876.251550 9715.060978 -1.560880 39.589696
1739.199350 6049.225125 4024.858000 6187.840935 -1.348727 108.015189
2594.952870 9913.830767 927.737171 6077.410398 -0.149983 168.278416
135.119951 2780.798260 9891.253151 9680.840908 0.034802 65.165597
6776.785730 3848.112373 5305.765880 1840.184483 1.178617 131.426816
3317.226963 88.906785 5952.106984 7158.388748 0.589350 176.939400
9758.603874 8138.216950 1807.689748 2678.427782 -0.565872 84.796391
8757.391874 7044.974332 164.907255 8743.525872 -0.317595 152.619319
1551.347222 4595.876207 9231.377554 4923.378383 -1.222099 163.704954
7188.221746 8732.495186 8651.478213 2107.013614 1.324502 103.392767
9260.904266 4536.278195 6893.706345 7965.270553 0.158254 80.678034
3277.965041 498.313204 5979.759839 9031.439288 -0.244366 93.926662
5870.209350 8691.047064 3348.585681 3412.809903 1.563648 68.841833
825.082805 7105.413024 7980.537333 7622.836985 1.283987 73.796048
8492.631997 8115.725147 5450.450062 4926.262136 0.342826 45.419966
4428.960908 811.580385 1999.942068 849.453022 -1.141195 10.013516
714.272702 2035.054674 6653.295890 775.842901 0.700665 93.934445
2649.893464 8345.546856 8951.431038 690.793689 -0.793134 109.582164
3418.172931 9985.370518 7116.978894 2749.379540 1.513690 39.824666
6665.593997 6137.005541 1931.341952 4221.118784 0.084678 70.545541
9196.332670 5466.940088 7811.629034 42.965388 0.019292 82.186385
3363.142723 5979.145976 7500.019269 3430.047660 -0.703821 91.433952
7105.822838 6610.086278 6367.680852 5215.606849 -0.282085 144.196041
2674.410760 9562.124394 8005.884708 4498.973029 -0.401608 142.307138
7113.171198 6087.464981 3913.155590 1173.617317 -0.012418 96.523965
5769.650401 13.151334 6542.728301 4605.481447 -1.534895 75.769195
7096.588648 7670.863083 9571.477018 3472.784584 -1.554687 91.653383
3468.073683 1713.642079 280.879289 5119.005665 -1.098663 113.382411
9738.493264 434.418125 2662.237744 986.105036 -0.999865 2.510366
2905.885824 6236.142666 3000.809959 9279.441309 -0.900997 61.832353
2041.182807 3647.160620 1953.977297 182.135434 0.827547 106.173109
5121.383878 2253.510393 3683.113881 116.481036 -1.303181 73.997506
6536.395221 5876.305869 6562.171597 3893.789863 -1.844552 172.667314
6773.363271 720.091295 4971.695370 470.931702 1.755189 32.752355
534.887514 738.734414 4267.277968 4529.663051 -0.213298 89.967659
5703.224244 3509.403799 3227.389456 1520.299990 1.279423 119.883714
7975.052997 9091.612878 146.812924 4189.739819 0.693671 119.313569
2482.805587 4015.105943 727.132133 9189.441175 1.222337 58.925850
7579.988731 3244.128595 1472.089618 94.602701 1.805193 109.810947
8459.114129 1981.781932 339.182009 9243.088608 1.369915 129.020686
1120.318094 3000.822552 3814.376448 3122.028308 -1.733356 8.029629
5113.761481 2029.359841 3717.791148 1710.590727 -1.638632 117.085249
6605.456047 6013.020701 8236.879871 67.116632 0.988890 136.919693
9799.060057 5969.727269 5711.114288 3584.202450 -1.682404 87.619161
3188.906953 6018.383748 318.096746 6501.873022 1.212069 148.858065
9094.364144 3086.385649 264.028200 5460.791043 1.149714 43.410956
7473.563609 2089.605984 8558.721781 6807.421106 1.095322 100.000055
3145.395154 57.744433 6622.933232 2962.833187 -0.408060 146.202554
4740.874649 9991.810931 2468.434297 1086.795979 -0.996275 87.348800
2405.918837 3151.925360 9112.494201 7378.095111 1.350824 84.047194
3403.136917 3164.210971 9310.532257 5238.528486 0.198857 96.068904
2195.288468 9705.708681 9154.670743 1998.404607 -1.514564 171.646824
6691.056040 5695.105786 3101.519160 480.997870 -1.950429 42.558722
417.008959 3722.524460 4538.274346 1116.435699 -1.769208 31.380727
2239.112580 2950.320076 19.391591 2064.798977 1.664705 108.659162
9652.615430 1684.151319 8222.685094 7555.448055 1.949467 46.037947
7819.164969 7243.687038 868.516759 3795.130839 1.009627 104.115056
6651.802216 9368.056097 7172.248381 1960.433361 1.743969 19.441922
9998.098575 6104.206140 3680.627343 5308.482236 0.103647 68.018507
9983.876525 8597.069959 868.262477 2870.140517 1.485136 28.206388
1958.239611 9298.017637 7900.603734 2807.657287 0.805513 25.451802
297.253464 4420.363561 9233.359005 817.963502 0.609459 156.787515
7119.624119 7804.350261 5912.354339 1156.441432 -0.020657 52.910901
7252.851307 8234.450095 728.471463 2375.696793 1.010889 178.797974
6541.118108 3423.115688 7904.242427 5869.986045 -0.506499 155.328650
2753.881915 800.208548 3345.472645 1157.670021 1.700348 0.224401
352.765003 1607.839780 2255.154981 7609.244802 1.540107 118.630246
1588.675372 996.687183 4118.955432 2343.801608 0.628823 54.740500
6684.634435 2471.134610 5741.439648 9297.566584 -0.827022 134.741742
8034.818449 1474.712542 6618.524307 5258.612193 0.167557 177.733893
5707.831900 5700.930451 5921.588884 6924.813041 1.747020 0.835592
342.026148 1133.093833 658.349442 4959.268548 0.211551 103.965457
1491.222280 4354.205268 2049.678812 9489.135354 1.102176 131.335665
4317.804964 6537.478549 4173.631868 8639.232697 0.720187 53.955799
402.810425 160.961882 800.219846 1348.809896 -1.129746 69.817246
2484.109950 36.682727 3864.014406 5945.114569 -0.268501 116.244275
1747.612359 9074.721289 8956.212957 1516.298281 -1.806938 68.426017
6454.836676 1403.581213 8791.867570 4032.836058 -0.515766 136.591653
4234.239641 346.812664 7018.845789 9123.963320 -1.574515 94.803152
7303.129987 2337.412166 9648.767362 8355.236900 -1.745492 30.998445
700.313838 5380.260986 5441.404980 2425.637480 -0.942758 90.741971
1744.131756 9111.613496 5866.373029 8776.760695 0.861548 147.086563
3302.215463 4035.083883 8871.620959 270.505219 -0.877733 162.914962
952.930971 8036.078377 3148.304087 7651.880118 -1.480384 167.942884
2087.562974 5910.328678 3405.802821 9995.529856 -1.225225 153.998153
3769.120029 1224.974604 5337.508298 1982.436927 0.810915 103.948950
1519.208865 2419.195724 7414.757895 4129.915756 -1.503749 42.383111
6908.502012 6421.048135 6808.996160 5685.080886 1.026904 151.421922
2107.431077 2202.105150 7995.638987 189.866184 0.557759 90.405272
1609.133409 4324.589954 4790.719718 353.516266 0.973123 112.067630
7832.384832 7588.588627 2535.493739 3164.162387 -1.102895 164.630308
8883.028036 10.012304 5165.750768 3691.276419 0.555264 164.297314
4501.776601 3422.394318 8241.438489 9050.854521 1.480564 107.228837
4226.489437 1585.248979 396.815238 4019.257133 -0.938091 176.385574
9589.108440 1605.213772 1799.013998 2.618031 -0.495970 64.832807
7261.176532 9258.954392 4239.623341 6928.267970 -0.968018 112.247597
435.729222 5192.955010 6564.426613 7273.101261 0.448595 100.505319
2334.653186 1427.748960 4874.333360 6250.360302 1.942642 143.289745
4975.329314 4794.500400 5878.014534 7228.848482 1.040741 65.568850
2603.306659 1280.516720 5984.867041 6063.722185 1.675994 64.338222
7352.393188 7376.402314 8205.420358 8201.152100 -0.422544 171.025194
2552.166299 7739.031640 4153.696987 3424.434503 0.820630 98.076349
9956.527036 3367.989449 2869.594957 1899.454875 -1.138222 153.163631
2275.289995 8313.953767 715.108688 2934.400974 0.336712 160.721811
3482.459187 2189.867934 4130.893253 2492.682427 -0.845616 94.692197
1147.029692 8652.499853 6922.833644 4108.286911 0.960917 151.850935
7650.909420 8994.818550 6304.167701 9287.159893 1.082037 121.340164
8758.626888 4188.860586 2938.339393 793.305923 0.950262 23.327912
7188.409434 6513.608264 3470.901784 5189.525903 -0.646162 44.368148
7176.228016 3380.703530 3733.955651 8624.219619 -0.638550 36.222644
564.548112 5439.247936 4151.071271 2840.324361 1.421383 61.785461
695.551345 9524.861878 8530.403433 1661.925753 1.035052 90.401618
2823.007072 4761.744742 4043.557107 3438.725435 -1.120889 45.312789
7325.082787 9092.580897 4851.183594 2967.524228 0.801498 49.152071
8618.141240 9881.413576 8625.575441 9851.081044 1.436232 146.241319
223.805078 8909.452555 3676.678646 5904.773664 0.148498 140.750465
7281.752127 1182.326199 2020.734825 5605.798671 1.701846 11.327930
7251.123535 2327.442348 8518.701968 3442.357938 -0.312827 80.312018
8395.087816 9038.494923 9101.964572 4824.275785 1.809963 129.729195
2655.775345 5796.172009 8511.630451 1643.402389 -0.773172 38.558930
3928.998334 2953.899470 4289.705678 5022.400657 0.071321 93.715336
6737.161576 1937.886195 3829.135925 883.194855 0.115967 149.320590
1540.565174 2703.485755 2937.389597 5039.401103 -0.625947 129.518451
7056.677569 3365.307024 885.931513 4127.083146 1.729800 34.629959
3077.411638 7945.776991 9565.377773 4110.574364 -1.034607 40.157704
8458.255092 3053.830996 4871.833173 5829.031200 -0.417864 175.205987
2741.293478 9818.755276 1511.170739 5297.710232 -0.468206 139.447396
8776.476579 2089.302634 8190.829390 7677.339058 -1.487761 164.912840
700.462536 3509.188053 6807.835653 7125.775230 0.154958 85.632118
2667.255710 4059.854327 5340.742398 8517.541044 -1.255152 160.462324
215.677159 4701.585933 1284.246209 1346.698702 -1.243533 104.206496
7490.227362 7245.074301 7669.456024 5323.516917 -0.655748 132.176851
9557.638356 5166.500406 1999.865725 2260.859012 1.053817 2.465328
2603.618621 1078.025490 5281.573384 66.363105 0.680936 38.055927
4144.007996 3538.876834 2183.445589 3974.143932 0.835868 83.193091
6801.528352 2115.407509 8144.761046 3746.587489 -0.998006 21.690030
9412.061441 6565.702387 6839.153557 6353.216175 0.525819 1.640279
7930.168758 6948.417444 4157.925958 3708.710253 0.044148 94.741438
968.421865 3768.199310 8115.283220 8263.884636 -0.464965 78.547051
3963.772697 5121.630305 8593.758977 3648.360707 -1.149127 86.762447
5520.203307 4567.329226 5399.842496 7937.246825 0.821149 22.463216
6002.508422 4199.488068 6916.077322 7450.487249 -0.447223 49.047084
3992.292433 1462.393265 6913.953523 5005.534154 1.349069 46.976674
773.882703 1629.748700 1497.777712 8163.302288 1.843061 45.013335
7073.380054 5831.025243 7318.139793 6884.356640 -0.186356 112.700764
3275.753268 4000.515981 2228.114083 2016.105001 0.227516 127.288538
3208.749894 4334.890792 9528.219152 3750.309304 -0.982086 119.984309
9193.219380 3672.231418 1398.395469 4430.142361 -0.148818 171.221514
9770.718724 3768.925531 8556.656918 1372.667447 0.711013 146.296357
1653.285572 5588.281089 4593.095499 450.177995 0.801451 145.970710
9788.015695 482.953386 751.878015 9505.166982 -0.525023 22.100935
7750.351907 3327.631147 1588.753218 5940.460351 1.260058 37.618400
9203.279082 7233.048030 3302.175397 5428.625344 -0.590176 50.775388
7082.210409 3160.173671 4475.937142 8242.294137 -1.275966 33.936855
3153.235600 5486.014225 6302.495826 7557.431990 -1.098535 141.739200
7280.373817 8000.230219 4369.931638 5781.434833 -0.261608 157.483039
4229.022510 4803.880231 3051.519574 2782.696080 -1.332850 141.448439
200.205668 9725.924045 3163.702013 5342.042413 -1.819066 52.624355
1074.503021 2976.308803 3553.095046 3422.107936 -1.441702 94.274229
7055.455549 8341.899706 2802.077162 3389.946242 -1.887749 132.898507
2018.310641 1047.351502 1440.230674 5281.336766 -0.739265 124.522016
1338.449084 9910.135640 1518.985736 3931.487218 -0.448372 97.786587
5710.757714 6298.983202 5721.482650 7404.053262 0.067500 21.961580
4861.319947 2058.355025 4379.969044 9935.220207 -1.737767 92.529068
8949.625628 3607.374465 5868.723486 6597.425954 -0.690438 56.226092
4685.312548 6197.813013 4310.084988 8322.276337 1.726613 31.040232
1029.248421 1378.868013 1821.909573 5767.215674 -0.185085 20.301754
7074.327003 9342.000857 9562.710316 9947.197060 0.966192 10.277465
4035.196262 2501.148116 9480.617310 4481.346617 1.926699 110.067893
8915.511110 5615.069489 4297.634095 5844.570745 1.706109 154.597364
9532.244924 3411.104111 7183.744206 3003.108599 -0.853855 145.460591
7293.858073 8173.549865 587.233000 9307.817773 0.609393 0.681694
4056.220405 5484.403810 9547.926718 7294.903511 0.376289 9.321276
4089.392394 6337.202908 2757.400519 94.982247 0.902137 87.541765
8720.690549 2492.809723 1841.852868 2190.717482 0.027569 82.354963
4584.683700 234.603179 8495.304380 2222.411181 0.683974 51.910685
2087.367718 5853.788075 817.801167 3070.266573 -1.093429 106.861075
7127.055862 6216.327964 5618.923638 410.707956 0.565834 107.008798
224.479629 5812.972838 6603.369106 2940.026339 0.844332 118.013127
4884.006101 673.379901 8803.721505 2288.372677 0.999590 42.218193
3590.253555 1553.564791 4875.498041 1836.125486 0.430800 19.451786
661.989639 7720.750996 6899.687181 3937.049025 1.761893 62.628204
7029.048941 6517.761135 9095.543925 8911.347105 0.007163 69.819098
1627.860665 7465.784409 8747.382152 5278.319172 0.527113 30.714358
6755.569535 6953.826738 9078.280185 4453.243839 1.227943 128.599997
2578.909061 6278.275069 3614.509620 9155.499585 -1.688006 17.589224
6727.968890 1868.432530 4599.362296 9402.645963 0.039915 63.250441
4151.564765 8613.996844 1524.918276 3754.909375 0.797264 138.314232
6273.559069 1167.403913 1114.923620 3701.600052 1.835023 145.079870
6040.488611 1515.624690 8839.844036 2239.595474 0.129105 154.687414
1231.224588 5809.036943 8973.612778 1997.045864 1.819687 78.718846
4918.904573 7924.777281 5476.581768 6134.517396 -0.223948 99.722724
2212.525074 9272.654953 7745.522240 5861.302505 0.302987 139.241155
2307.672948 3386.174202 2112.670766 105.708624 1.364528 50.712510
5858.873257 3561.095149 3474.100117 5762.701132 -0.358589 92.122853
9134.741834 2609.667564 8624.067567 5316.945516 -0.861104 52.315252
8185.056569 5309.330033 8776.278255 3529.467917 -1.012015 124.208988
1158.253866 7678.171206 8843.672490 6525.975423 0.789561 167.536756
3249.762369 8362.442397 3772.686109 6997.225508 0.778777 158.722123
2795.732566 8449.280752 1501.962978 4498.364373 0.865298 32.773540
5481.663861 8414.692406 9823.966748 2915.247057 1.049909 84.084944
6208.401205 7895.638698 2924.380656 170.546644 -1.166340 173.263025
15.002787 2967.424985 7980.847029 2008.863673 -1.786631 14.942607
7733.843134 763.865838 3710.511005 284.669431 -1.924044 17.335941
2351.508486 5967.086869 9924.757643 1355.188830 1.830092 44.258690
4941.836249 3004.148225 9207.977465 5946.345536 0.700963 91.792126
6565.875716 1025.636791 982.435805 3926.594055 -1.796108 157.721993
4707.351729 1932.332091 2119.374522 5722.438500 -1.965825 46.521591
109.913067 104.142107 2542.089217 3291.128718 1.280034 5.939576
5751.333030 3033.644990 5043.442839 3499.523232 -0.012936 64.168703
3045.871093 5956.383734 4880.335095 3031.349776 1.367357 106.004836
8094.022848 8701.926103 1152.088304 8364.680138 0.233469 20.187859
252.344042 6482.791982 1028.273694 5452.787888 0.613020 152.017618
6797.238238 7030.519684 2542.734220 9248.796061 -1.782097 130.065061
6796.533901 7436.062048 7861.689801 2600.544119 0.944113 33.996686
8241.141991 5030.742128 8080.887269 988.559566 1.493208 53.780390
9254.549652 6648.309372 2094.527462 4487.274399 -0.649479 156.363153
3987.692250 351.108175 5760.686206 816.856978 0.732650 42.762274
9286.815539 8115.640496 6286.406459 4758.090720 -1.081420 130.786664
27.097952 8705.259733 8761.598947 5082.289021 0.984209 171.635168
238.542510 7879.533209 3344.111632 2777.666952 1.935241 73.674629
7885.245028 788.811844 9467.316268 5227.042934 -1.667538 75.988048
2935.612145 5685.431738 7303.605429 3322.103326 1.667580 5.947776
8689.201327 2475.092407 1738.286209 9718.372074 -0.893874 138.191963
3184.116060 6877.481209 3423.269862 692.878022 0.082692 111.983853
1844.548428 5527.020947 8692.225889 4732.450478 1.116978 45.970574
757.177851 7904.341569 1800.717405 3142.464316 1.808123 145.724429
6472.424912 2947.133935 1147.328043 930.385359 1.138522 92.978492
7865.579397 6164.532612 5844.651630 6010.975275 -1.956831 54.928067
6185.816374 3410.033430 720.784922 6644.684019 -0.069561 117.067893
4259.104044 710.783403 9989.905056 7920.447967 1.916538 89.416448
6153.754231 2981.295490 1350.627777 9210.491315 1.587501 0.224776
6193.398958 4561.370192 37.908416 3758.154306 0.945997 45.898262
5708.739421 9524.152991 3721.783663 6029.426290 -0.160703 164.332007
7522.547147 2032.444554 4436.505695 1002.588642 0.790813 100.569017
9996.837678 5830.012715 8727.632712 5244.862640 -1.850233 108.966916
3140.436672 5608.869076 5682.150284 2205.546873 -0.602066 171.173107
351.540310 1581.156499 8686.243809 2636.016405 -0.936803 91.367243
7894.396386 6412.093399 7834.174223 6140.977839 -0.071979 12.577909
5191.620257 1763.718216 8555.857358 6504.211990 1.215996 164.499806
7932.468552 302.118587 8874.950712 3266.055085 0.507595 104.147797
1299.858323 96.315393 3857.073134 5928.225864 -0.218795 126.842131
6221.067108 8066.613903 5331.420537 7712.180081 0.888715 133.319350
9333.650480 424.461203 7409.592188 9806.609320 1.835384 17.038080
9682.674280 3003.765736 1192.586188 8033.396065 0.507777 117.767293
7350.151343 6853.162131 3329.252930 4583.416943 -1.764856 168.014243
2053.607015 2496.454300 3714.223560 2386.955072 1.220153 138.413940
1997.748364 4649.865285 4006.491237 7469.778999 -1.936745 178.444678
4149.783029 1903.867278 5196.198189 705.547631 -0.852435 137.273274
8832.300816 8647.185651 4000.245922 9327.272401 -1.448059 164.627357
1753.804230 9262.679731 2249.414051 6742.971858 1.610245 27.733975
960.720573 4009.610868 3931.720990 7170.060214 0.613595 22.886431
799.564516 7893.438728 2438.567282 6634.779007 1.026076 30.374149
8896.109190 5800.646537 7550.308135 471.285185 -0.293172 161.540284
9930.983449 1048.813930 2493.510683 7812.704889 1.944078 64.763539
4127.811179 8796.628018 6169.360667 8125.220767 -0.261596 12.276000
1849.352835 8218.885675 2526.183598 2746.457151 -1.960257 56.947602
4466.376158 7440.696066 6632.401135 4020.193413 -1.950704 103.446786
7139.178423 6624.658961 6871.696545 6058.696575 0.934912 83.420783
717.575341 7715.190320 1870.742538 8718.311445 0.255716 152.359586
7475.288271 3784.508849 4291.302297 1068.815047 0.114989 85.384923
1671.241546 8032.990664 6951.380286 2716.548808 0.813665 90.045912
9264.366792 7829.278890 8331.627042 2768.378117 -0.998489 31.951704
7759.863128 5008.094200 8289.416350 3179.745929 0.648186 70.309764
3861.969179 1470.264938 2628.673725 8615.869051 -1.601819 7.686600
3048.481416 2162.984377 9412.157778 889.608249 -0.963849 15.022167
6531.457831 3190.338259 5876.752547 6360.630446 1.063685 68.504858
461.601290 5265.114460 3312.428056 7444.798255 1.154104 29.682808
3274.195182 5331.975869 7051.632036 9365.672872 -1.925269 50.418484
6334.447975 7057.092295 9016.519099 4475.731307 1.300293 87.194846
2560.716088 3296.977918 3283.845952 4596.278015 0.927922 7.996347
7495.060426 6654.920110 8517.599224 6803.700777 -1.227284 83.599905
7830.495055 3051.172188 522.232797 6576.096425 -1.010771 83.637940
7140.335899 4835.907021 9688.287626 77.476968 -1.267360 177.195965
6403.313604 5543.420472 809.421548 2184.699887 1.934983 124.874458
4763.295304 5822.639832 1186.495188 461.533991 0.105728 12.011622
1158.124023 6501.755007 9610.125203 6180.317064 -0.761532 134.899320
320.467697 8991.660449 6706.518458 9428.582308 0.670541 118.036103
2985.694844 8360.489912 2189.733344 5778.746911 1.541335 141.393335
3697.444330 195.265875 8202.769711 625.091538 -0.043136 33.904982
4609.217225 7800.670407 9534.848469 4504.208648 1.909249 40.448197
7337.280781 2082.114503 926.413557 8132.012386 1.423940 72.917578
9892.440083 7552.233464 1739.039495 850.151746 0.506293 116.005091
2640.578549 5937.080101 7265.571308 6233.912996 -1.388639 170.312565
7217.788926 4709.776071 146.236153 6047.819173 -1.867160 170.713652
9427.708647 4133.071844 1467.644320 38.270600 -0.446966 128.654295
917.322324 9854.834000 8850.821174 7437.618807 -1.643242 151.479639
2372.785212 2297.293604 3347.702680 3952.666530 -0.282737 138.982966
1077.262938 1756.096653 1397.621775 9573.122206 0.627949 172.208059
8875.638920 3741.690121 6049.767606 1131.153321 0.083681 118.057670
9312.234501 1335.000078 9706.643356 4259.784098 1.801408 27.361755
9332.173520 5592.085190 828.217419 1542.074676 -0.309598 86.572025
6318.224366 5937.645193 9366.525545 3240.229628 -1.095888 92.943703
3195.139677 6372.791283 654.425737 9288.139495 -0.917581 179.648000
6163.685064 745.020411 8497.343420 3185.230139 1.766237 86.374614
2586.491836 8563.226613 4229.142818 1225.563307 0.564937 169.214171
2366.076725 8382.007003 6377.518014 2034.254880 0.297342 23.475631
9529.138829 6840.350212 2694.013592 8782.601906 -0.987013 88.050619
1826.541490 451.672269 2961.238372 8551.742164 -0.276703 69.379279
3110.041957 3355.482650 2986.016766 3168.830875 -0.788683 97.333257
4658.295516 5824.868490 1281.941586 3225.012522 -1.990059 10.680075
9068.245672 5466.352622 4366.506972 895.025202 0.296212 113.436290
844.712565 56.167119 1544.034133 8326.998156 0.984536 18.499429
6420.579815 8854.972171 8181.924355 1689.516252 -1.156439 165.552303
8500.962226 8275.679806 8449.180714 8101.742006 0.326329 66.377878
3794.400778 9909.207458 5376.130798 4500.422695 -0.504863 93.365109
3288.458899 322.327411 1985.127637 6602.873916 1.632594 33.020798
2130.887243 5630.680889 1674.724028 9314.156961 1.737710 113.561464
4244.269608 1737.639222 6524.167000 725.043941 0.176777 137.912236
354.043730 7153.903809 6699.564078 2999.135589 1.547276 105.393383
7938.013659 7530.175491 3634.988223 9415.556703 0.760439 27.674584
6469.705862 4221.306979 547.150169 6299.628143 -0.916657 128.803636
456.683644 7349.185378 505.808164 6938.215200 1.220914 132.790186
8365.483908 2656.096749 9577.361184 6458.203759 -1.534145 53.802817
5243.206623 872.126399 8308.304521 8383.649748 -1.308286 147.914334
6326.717967 5009.636268 2309.477431 5736.242044 -1.109982 66.837062
4277.450280 814.187012 3201.025844 9380.171652 1.622886 134.497167
2965.163584 6132.313545 6410.282270 330.495236 -0.068076 28.811383
488.776750 8008.970673 6977.585793 9156.458731 -1.146323 21.795560
5876.262565 426.624386 8784.437630 6849.703496 1.870528 30.234310
627.133285 8488.015192 4609.092583 6742.144202 1.690036 91.594067
3897.498772 5988.463068 2740.218104 4618.781648 -1.800781 101.625263
95.058091 6402.834363 2111.906065 4164.645416 -0.025404 113.067540
9334.474632 2727.381618 9104.074439 1619.104545 0.222830 91.877020
4455.874117 8986.688633 290.953372 8010.337598 -1.453007 107.206107
5952.988951 6878.840679 1995.396420 9851.948650 -1.266362 63.691210
6483.732816 544.303956 7965.475929 1665.438145 -1.722513 25.086634
5904.535085 3081.244029 4748.223960 2328.144831 -0.767466 53.505754
2709.057364 1686.275416 2278.220955 4936.739246 0.017028 161.012957
8059.278946 7387.812230 7179.558851 8740.526862 1.009207 23.508762
9438.332674 7690.904818 3620.731762 5574.585021 0.342066 170.160535
5464.717965 218.117433 2054.308852 166.770032 -1.382171 175.384364
5190.070932 5979.743090 8576.530063 8480.262953 -1.117439 120.849429
829.862820 7326.366564 6184.794436 4878.730356 -1.117575 119.361594
4389.179901 7234.117650 6090.627612 3077.236598 0.306786 123.932764
6053.922996 9373.285607 128.134172 7500.410284 -0.461295 77.938242
5999.848659 7658.441748 9817.940295 7460.419233 1.696703 46.026161
4875.118051 6635.724238 9907.718403 2360.194227 -1.033150 171.327491
552.453437 1312.124936 3284.821521 9509.949046 0.082833 169.416870
6709.381285 4772.865668 4585.370156 8924.010375 0.192366 81.225787
9732.883695 1285.407820 4117.074972 165.695972 -0.682317 109.479640
4680.354407 390.188952 4848.682710 2674.593308 0.429794 140.926223
4353.070219 6785.471184 9144.438302 2505.990658 0.251975 160.289628
1711.221662 1402.102685 53.412994 8718.035772 -0.083305 113.102558
9109.397575 9927.677851 3685.682195 2158.839237 -0.661934 50.860932
5355.567955 6891.429042 4373.706259 7752.333636 0.633028 151.764723
6061.064771 1192.824853 5750.099463 9896.143335 -1.679899 138.052642
4788.584004 4298.686219 6863.306815 4823.645921 0.723650 1.937371
3223.354742 6114.797559 9260.305333 6021.221365 1.580607 97.672525
2061.587827 8346.379153 5318.813563 524.502829 0.039348 129.539013
71.160389 7804.032701 9707.908597 8357.183329 -0.001629 162.671781
4341.968456 6113.280935 9861.418618 1954.217458 0.184472 154.739813
8086.009307 390.715373 897.753592 1278.482176 -1.167356 116.562640
4417.299093 6120.944480 9116.465968 6865.264646 0.806881 64.752125
1755.213717 7387.648248 2618.076607 2300.230885 -1.816188 101.303699
3236.508010 6179.455407 9770.550610 8960.410473 -1.411431 46.558472
3644.671192 6326.246546 6193.055632 5249.633651 1.990882 101.886377
692.635697 5061.701478 9123.776996 5283.891407 -1.506980 146.507512
6317.223983 6810.129499 7930.877546 4991.156244 -0.688741 164.718953
9220.849865 6835.198192 30.178505 8065.958624 0.297956 92.009343
3956.380762 3359.296685 9474.587408 8061.813090 1.788453 113.643099
9092.024351 3877.776762 8332.196548 3233.612784 -0.710156 60.737241
7580.593718 7083.885455 8994.619522 6395.226819 1.748511 146.030991
4526.336518 5238.207898 4545.504034 6091.378392 -1.780865 94.793686
9696.175436 1330.031614 8031.060102 7572.872195 0.276133 161.899394
5932.972527 1075.095493 4138.352500 1404.477380 0.212916 31.224401
7137.326158 5981.364397 5600.321206 4738.186802 -0.093431 41.340442
5701.171341 1417.146417 4275.007910 282.777445 -0.685730 116.064789
4679.641631 3078.180836 3925.056132 2443.994165 -1.770425 39.807018
3024.484185 8435.184472 9355.737045 9867.408666 -1.334685 106.779055
6788.851015 2832.370097 8827.779077 1275.954682 0.736840 96.904047
7234.256544 5801.039872 3086.190677 3862.954960 -1.926448 107.502977
579.435146 3969.660704 2447.799159 4104.517985 1.654455 52.325176
9049.992297 6530.719519 1146.925166 2436.644472 -1.201204 2.927148
9708.161054 5621.791566 6497.713639 265.125095 0.287180 172.437653
5023.391623 1969.017562 5809.191201 8921.978414 1.870621 99.958246
6515.457620 9719.710589 769.849304 851.165486 -0.438625 32.756539
2259.496036 9270.002890 2056.013142 8117.749716 -0.906062 51.471710
8252.952575 3004.937054 4034.682921 8626.466215 0.988650 155.162572
8242.521027 2862.575630 3917.967017 6764.427221 1.122912 83.519907
2698.379543 6379.720036 2842.406277 9823.854023 -1.817561 24.206341
4275.588349 6962.558733 9820.963646 1008.385233 -1.418832 76.285771
8859.451722 6357.656925 8045.449667 2293.595019 -0.655146 144.204764
662.715627 1202.550739 6768.726055 8330.485723 -1.821185 19.872584
9806.194985 8854.943718 9103.911853 5100.284301 1.801332 108.073956
7318.064239 9898.033912 5145.546451 2519.024855 0.124521 78.696329
6946.618299 9478.444401 2417.489832 8739.023491 -1.304253 69.956152
4981.577394 7352.996206 8825.297649 9808.080164 1.853513 112.797998
8273.494880 6820.286246 2046.637764 2651.488509 -0.631183 146.686305
9651.794344 6930.593613 9110.560629 2280.805761 -1.809977 0.818748
7260.412813 6059.700990 9242.331106 7669.757720 -1.272220 78.007496
6215.754488 374.142106 5801.128355 1053.239394 -0.464622 67.681852
4173.149616 9401.345238 1197.945437 5400.530316 1.075498 72.182512
6562.553789 6060.995397 4404.026598 6607.699993 -0.479430 20.200985
7587.813877 7545.355489 9368.406924 4384.642750 -1.597746 172.262131
2711.254734 506.631400 5147.592527 6935.873398 -0.215198 75.885226
870.084413 2487.901352 3570.906701 4126.539253 -1.946265 138.759126
6665.490511 6508.532845 7050.035910 5880.194481 -1.860825 174.137003
6270.275058 6492.022121 9888.115358 2785.636387 1.973764 176.840044
5826.243879 3829.217697 8818.302201 4228.153368 -0.652677 4.839850
8126.837431 5047.042548 8138.972578 2456.271438 -0.619413 60.385340
5850.925786 4265.034618 7815.945112 4717.667983 -0.897545 137.008755
6446.306873 3050.886030 8363.769160 7535.201929 -1.229395 41.381553
1841.016375 2332.112186 8739.107336 9152.680917 1.502948 159.726625
2840.589061 3303.108529 5389.376951 6685.381317 1.553651 141.097534
3672.169015 5623.106566 4977.601824 1306.651468 -1.573755 19.016083
2452.872803 4687.505187 6097.125539 7352.005914 0.409022 19.360080
2149.827691 5148.168066 7913.470327 3207.636640 1.673522 7.596778
8091.346327 4151.644495 5509.963210 3671.592566 -1.388318 169.982549
9480.036878 5670.804275 2622.291939 4752.159978 -0.394803 39.653963
6315.285991 1756.712388 5247.181567 3937.109896 0.113160 114.013276
289.273301 9184.088479 2592.905280 7386.092709 1.210033 119.795023
9680.973452 1674.551587 1264.121778 2541.956942 -1.928143 177.959049
8108.765084 1244.924369 1169.091572 1819.282416 0.148256 34.296409
4755.294233 4049.810350 7100.924610 3522.842122 -0.187384 31.501953
6857.903560 9893.846925 3442.167546 7406.677549 -0.718277 33.544068
1842.753475 3123.620371 4108.524009 8456.386617 0.855571 178.466381
7417.998314 335.100674 9286.316004 6932.219312 -1.448121 157.246474
9647.041787 5931.242023 1301.723769 536.538034 -0.310554 25.906187
5881.761185 5436.507130 6128.882153 5072.781094 1.788875 78.549916
6301.171172 3239.636168 4608.343278 9169.648699 0.374628 19.170236
2495.547979 2430.894243 8885.749170 1797.953003 1.132864 49.611665
7350.593304 181.926356 8340.050594 5371.335849 1.846507 5.667929
8680.529591 9960.629660 4267.297577 3377.488278 -0.778828 139.487276
1361.601630 8274.243267 704.648506 7634.009199 0.949708 156.794558
3825.601073 6804.063865 7373.345127 3521.739014 1.142689 85.364181
4852.710407 3166.447830 111.216921 756.215319 0.769023 76.089549
3788.978564 4257.453333 145.854024 5471.426366 -1.616532 70.224449
209.594806 3581.754638 9888.656428 6384.714025 0.732989 72.189068
9227.075798 8218.204485 3836.083179 2581.607607 -0.414797 73.945338
3144.564817 6441.284253 5844.815647 3717.468092 -1.748773 157.497637
3988.395310 4525.037476 1168.251409 110.715042 1.910879 40.647151
99.440793 1148.096060 3837.533108 1950.494182 1.306793 87.741704
1866.800598 2057.941447 8344.671759 4529.059764 -1.840422 22.773569
766.079818 2421.263445 3210.553850 2623.784707 1.459977 143.681478
4002.688769 2485.554799 2437.707001 8702.207471 -1.504947 41.940524
6611.707106 5924.071802 6566.431852 31.282848 -0.869878 154.245461
9152.213550 3369.868335 6051.781760 1783.149011 -0.249636 48.015344
2946.582240 4221.434721 6905.165474 1307.148671 -0.192806 130.215571
4913.854109 2597.920830 8414.088161 1563.207451 -0.256508 161.188811
9659.430819 2330.138313 9651.451666 4685.332459 -0.995011 19.328914
9808.265078 6807.414027 265.499577 4385.132231 0.886551 166.978424
4271.458320 2291.542140 9525.090107 4751.722861 1.303035 107.275533
3851.484197 4607.947412 9073.609017 3512.853473 0.593814 41.152038
422.656369 4799.874918 578.206636 7267.917771 -1.265620 14.559866
8943.211179 6971.830686 1177.690473 1080.881564 1.591493 30.486793
5304.496586 2960.288506 2029.604676 3342.916847 -1.938370 176.556789
11.018284 2178.208333 8500.778812 1412.353101 1.204810 126.079034
891.006697 8729.337306 2770.695508 3363.813992 -0.856247 123.331444
3407.987062 1141.483452 9426.951868 4598.240887 -0.954420 138.596662
6095.605995 6506.577285 3599.099580 5168.822088 -0.368695 56.905440
555.411959 839.804532 6342.286232 8771.259456 1.246195 139.416251
193.971898 699.484377 8355.152225 8455.736617 -1.362064 76.640056
2253.846961 8881.637524 6175.853634 7486.516829 0.483522 8.012900
2003.599829 4874.918386 3193.180962 8366.203816 1.821122 108.270650
2454.917647 1008.216138 5052.513176 5036.973435 -1.491092 4.271682
4398.607461 9338.861026 7213.574248 5570.930821 0.465295 28.864539
9592.956684 5526.922997 3882.144348 7385.290868 -0.251860 144.565292
9763.727846 1652.186988 7613.291147 8003.234415 -0.304354 28.587942
8819.663644 4305.428388 8360.358627 9684.662778 0.757846 2.493277
8954.324552 693.729139 8381.607678 648.097377 1.861059 150.655967
9666.630982 9028.668479 4443.616770 3089.740740 -1.077488 139.103989
4229.649520 9422.923344 3374.533944 4491.159245 -1.590205 63.202769
779.718205 3930.520572 8887.067065 3724.781850 0.748903 73.221259
5464.465383 4472.832299 2345.480877 3866.843500 -0.758334 41.047349
6425.896422 2159.291362 3896.318284 5279.657052 1.462374 10.173493
8719.530613 2120.358679 2191.388563 3017.079074 0.555653 71.443767
8467.326170 2320.903472 5344.741398 3745.383012 1.332192 176.773678
6964.346801 33.981479 5292.675225 7681.845660 0.622011 165.892737
2429.073403 4565.930174 5345.792042 8279.344885 0.250634 81.824635
4395.955862 2490.356954 2382.006230 5990.039088 1.693121 119.955013
7156.006344 1846.393771 2245.235077 6106.404568 -1.436674 94.724584
8385.460591 3479.648616 8871.016724 4803.910733 1.427467 14.745019
4361.060761 1665.507886 4311.039089 1715.595299 0.995882 129.923816
6609.340683 7285.458748 995.771536 2992.611234 -1.263720 17.396720
7111.196454 6778.313215 7549.106288 1403.124465 -0.255374 142.034221
1385.519504 9728.757991 1510.878503 1870.125457 0.872563 133.281814
4979.013105 9873.414024 3160.886854 3440.918267 -1.603230 15.318958
8634.532067 5306.215740 3968.817009 5230.156402 0.867345 110.123685
8207.133377 7275.799882 6184.322833 1815.965083 -1.681863 172.090583
5224.035069 5931.860559 9865.181601 7045.279448 1.078181 113.388859
3789.096336 157.990979 3822.453440 7589.217536 -0.505868 107.221527
5730.285831 5907.002583 4112.181665 3969.955027 1.650077 123.450919
2864.656866 8631.518374 9864.406944 6463.840611 0.532330 60.521731
7863.115799 5096.879903 1421.881155 2296.750753 0.099153 148.010207
1259.010520 4413.015127 441.393342 4131.103777 1.632732 25.163980
4951.306427 8083.492942 9237.296888 4962.394341 0.014539 78.115800
3364.622773 1518.956809 6135.703940 2378.229147 -0.195647 38.638225
3973.171492 1292.616373 1843.624567 3585.039580 -0.965862 122.874673
3870.965641 1640.358203 6173.612752 8796.026771 1.454497 32.892044
8642.538649 2758.988922 5223.489131 3336.396780 -1.214943 156.546128
2091.615101 1483.498989 2083.466729 1215.161834 -0.300281 12.365075
9023.213066 297.198000 3089.271081 4712.140907 0.389648 162.207871
9819.801288 3435.015017 788.142684 4728.415739 0.345122 102.551164
2045.397219 3386.791358 1332.187469 5961.281691 -1.576721 38.543484
5762.641768 8419.457618 626.438643 4322.313924 -0.548697 107.522561
1135.433826 2058.666031 871.958224 3069.939725 -0.129904 110.539202
7660.932266 764.690177 8260.856523 9745.017898 0.755922 172.526537
7945.622760 2485.795482 7572.521714 767.242702 0.658187 70.991233
7195.505429 9275.257458 9829.627736 1278.384792 0.939510 47.315291
4883.762450 3834.878954 2508.404913 8030.818816 -1.234252 157.713212
2712.814111 6536.124910 6038.719847 5560.619493 0.822799 127.296061
3792.450518 4226.502938 6423.000823 5016.631785 1.674954 21.196536
671.532526 9728.955713 8164.954365 9521.958131 1.055513 52.888911
3716.070073 5379.929661 8714.135429 5222.666308 1.110452 179.214668
8518.609987 940.355984 154.259355 7849.338421 -0.295792 52.655626
9218.781315 5684.636984 3713.956944 7018.237806 -0.465493 28.475838
9447.352282 3076.285486 1149.464045 5187.024353 -1.630585 62.813802
179.725110 44.254173 5399.315903 2430.469866 0.781008 88.916712
3171.750315 9069.093402 2869.941218 8508.675470 -0.940014 104.676067
4392.039507 1879.546404 5975.444157 8276.742620 1.495688 133.593053
6470.408584 7073.412940 7290.790176 7762.357097 0.025214 52.355150
5630.177984 8155.627990 4019.887155 5366.684979 0.710078 126.361497
2810.072802 2794.401502 2032.140672 3993.512589 -0.907070 95.751210
2125.408433 2214.587278 4055.277774 5569.548693 1.911866 30.659991
1852.897149 1976.592294 3769.556026 3691.929077 -0.215537 138.388788
3602.267224 1548.231542 1538.683970 4052.565609 -0.615518 45.682676
7083.225818 1403.876011 3814.396843 6087.243821 0.574992 26.096325
9179.127431 8436.670737 5311.904828 4943.159745 -1.626102 11.108244
3158.811582 5520.909073 4788.402259 6533.556709 -0.859530 100.822141
3523.932465 606.975218 3551.225747 3052.644014 0.800781 178.279103
3898.029253 7983.499538 3029.635432 3977.228128 1.279970 134.056428
4681.542321 6732.161623 9186.788553 2121.306681 -1.228706 154.342031
7058.787217 3080.296401 8017.327854 3792.957783 0.424944 156.379683
3952.020970 7694.270291 6630.869014 1304.548064 1.049999 6.349124
3246.475125 1040.366630 7691.050786 9001.752045 0.244563 163.583737
6099.591899 9076.319214 3460.999052 6317.002603 0.943473 84.681310
3407.432092 3751.014838 7065.032849 3050.413480 1.828936 5.612285
7009.877441 3326.433914 8448.007233 9786.341152 1.703385 9.394847
2421.057554 3357.463630 7001.329775 5935.685950 0.279681 112.243729
5688.422227 1453.463523 1000.694817 6940.716136 -0.407013 39.204544
5297.827466 5600.779425 405.948000 2497.219669 1.259974 58.989779
8206.404273 3966.916061 6718.005345 7763.577124 1.171059 170.805769
7422.119493 2572.692315 4449.909659 7182.026745 0.153859 88.109112
2849.813145 9065.057528 9296.182607 5196.852141 0.132573 76.100507
1147.892369 5825.726461 9692.641666 3499.115292 0.957242 152.936192
8316.277326 2803.533525 532.558442 858.251832 0.205446 96.631098
7861.903816 474.323504 197.956468 8736.510503 0.870679 8.901104
329.106337 1142.892762 7599.245627 5060.722999 0.137929 58.138489
7373.293470 4057.402104 2883.290249 5303.876853 1.786698 111.666957
6501.007262 7376.902078 129.159678 6681.842004 -1.278646 163.650180
5169.995646 505.069844 9430.748098 9292.484512 -0.537947 101.737432
4680.322720 484.562913 8963.424184 628.202323 0.078065 30.866289
2701.591114 9561.964049 113.898881 4510.264529 1.137997 75.687492
6350.533547 427.250614 3653.366311 6274.620719 -1.895419 98.850419
6404.843596 5466.963303 5857.155144 6353.224898 0.719253 146.846377
3929.153501 5328.416942 6991.938366 9330.246869 1.995131 120.145384
7682.308991 5573.782930 2744.960529 4415.508230 1.345098 2.812560
9025.037648 2826.808751 1968.551432 2093.431915 0.180918 77.422005
8476.048361 9919.225895 2035.900909 5718.888874 -1.716442 133.606251
7863.517200 3685.175995 9597.941029 3004.472473 -0.194430 18.632593
5447.611951 6505.630451 8512.242071 1858.523383 0.552422 132.565739
176.662767 9964.951069 5067.828709 5790.115969 -0.982567 111.378894
82.104472 4261.322071 708.293673 3215.287425 1.518401 2.269703
8881.366348 2743.403925 4581.785201 1315.975528 1.894496 155.817685
2278.284278 6277.640357 8211.382628 1676.037840 -1.051552 109.818377
9830.830131 5453.289060 6142.835999 1522.772130 -1.272100 25.915366
1168.284639 9993.377961 3817.114989 31.667412 1.584877 149.732209
3825.432323 8466.016638 4329.997685 4519.583062 -0.324854 31.226251
9029.691970 8507.234708 1845.994101 1388.824520 -1.711391 88.527475
6906.836127 8517.896433 1864.068942 3042.044701 -0.545745 25.607555
2209.352387 8146.157155 8391.352686 5534.690151 -0.857501 102.704120
9734.597788 2995.019281 9440.642750 5055.722122 0.785311 35.397240
6972.418121 1802.195672 4668.948980 1235.223207 1.629376 161.431754
2557.418892 3945.854912 9927.448385 5294.621810 -1.304043 97.569345
8121.791465 5372.779631 976.466140 3925.792713 1.097076 6.645666
8941.580348 9981.659984 3579.766570 9972.094420 -1.407411 168.244529
4102.257273 5899.077164 6046.545005 7169.139460 1.195398 86.565408
9006.983623 5953.311001 7421.811636 3786.132849 0.159117 143.671954
4110.239751 4694.370158 4789.871835 3609.121154 -1.182418 83.824265
1446.619345 459.183730 4373.605191 8663.344191 -1.319637 89.411889
474.260898 6889.139448 6575.232715 6939.709088 -0.698436 66.448826
3068.170848 9842.226014 6072.012652 7445.633489 -0.702719 78.936636
3252.814688 391.826892 6281.335647 637.224081 1.243891 98.853501
4996.850237 4375.377527 7641.251217 2920.906949 -0.013638 120.230770
3615.515153 2273.996338 1380.594790 1869.814248 0.251888 140.815704
6016.458906 7813.012601 2912.322143 3233.865168 -0.284257 78.209853
8130.016734 9035.894024 277.959651 101.688536 1.307264 15.073209
5801.053624 5402.093954 4772.457462 8785.225647 1.265683 161.890184
7571.342431 9093.161187 28.262698 9450.641192 0.137061 118.735895
4002.483922 7800.241339 7444.811274 3237.475661 -0.388754 118.230277
1301.901351 1147.728223 5393.451754 1835.914425 -0.914553 10.129964
5309.470008 9138.937785 5555.272833 2192.524262 0.550153 19.428195
1639.613870 865.679697 5976.460533 4369.464026 -1.547432 40.993411
5681.768014 6698.605773 8837.408520 7491.390226 0.418972 167.197041
1938.203712 482.145362 3881.364831 9297.206432 -1.885729 44.117405
988.365331 7328.307137 1258.193081 2908.321796 0.275907 166.154243
7347.859195 1588.039125 999.861172 8087.843960 0.459232 128.578901
6241.543986 1846.334311 9216.317923 8271.518077 -1.161324 78.948540
8406.104483 425.735989 2611.992691 2995.377165 0.277612 118.635727
