100
1 999999999
1 1
1 1
0 1
1 2
0 1
20 1000000000
0 1 0 0 0 0 0 0 0 0 0 0 0 0 0 0 0 0 0 0 0
0 0 1 0 0 0 0 0 0 0 0 0 0 0 0 0 0 0 0 0 0
0 0 0 1 0 0 0 0 0 0 0 0 0 0 0 0 0 0 0 0 0
0 0 0 0 1 0 0 0 0 0 0 0 0 0 0 0 0 0 0 0 0
0 0 0 0 0 1 0 0 0 0 0 0 0 0 0 0 0 0 0 0 0
0 0 0 0 0 0 1 0 0 0 0 0 0 0 0 0 0 0 0 0 0
0 0 0 0 0 0 0 1 0 0 0 0 0 0 0 0 0 0 0 0 0
0 0 0 0 0 0 0 0 1 0 0 0 0 0 0 0 0 0 0 0 0
0 0 0 0 0 0 0 0 0 1 0 0 0 0 0 0 0 0 0 0 0
0 0 0 0 0 0 0 0 0 0 1 0 0 0 0 0 0 0 0 0 0
0 0 0 0 0 0 0 0 0 0 0 1 0 0 0 0 0 0 0 0 0
0 0 0 0 0 0 0 0 0 0 0 0 1 0 0 0 0 0 0 0 0
0 0 0 0 0 0 0 0 0 0 0 0 0 1 0 0 0 0 0 0 0
0 0 0 0 0 0 0 0 0 0 0 0 0 0 1 0 0 0 0 0 0
0 0 0 0 0 0 0 0 0 0 0 0 0 0 0 1 0 0 0 0 0
0 0 0 0 0 0 0 0 0 0 0 0 0 0 0 0 1 0 0 0 0
0 0 0 0 0 0 0 0 0 0 0 0 0 0 0 0 0 1 0 0 0
0 0 0 0 0 0 0 0 0 0 0 0 0 0 0 0 0 0 1 0 0
0 0 0 0 0 0 0 0 0 0 0 0 0 0 0 0 0 0 0 1 0
1 0 0 0 0 0 0 0 0 0 0 0 0 0 0 0 0 0 0 0 1
20 1000000000
0 1 0 0 0 0 0 0 0 0 0 0 0 0 0 0 0 0 0 0 0
0 0 1 0 0 0 0 0 0 0 0 0 0 0 0 0 0 0 0 0 0
0 0 0 1 0 0 0 0 0 0 0 0 0 0 0 0 0 0 0 0 0
0 0 0 0 1 0 0 0 0 0 0 0 0 0 0 0 0 0 0 0 0
0 0 0 0 0 1 0 0 0 0 0 0 0 0 0 0 0 0 0 0 0
0 0 0 0 0 0 1 0 0 0 0 0 0 0 0 0 0 0 0 0 0
0 0 0 0 0 0 0 1 0 0 0 0 0 0 0 0 0 0 0 0 0
0 0 0 0 0 0 0 0 1 0 0 0 0 0 0 0 0 0 0 0 0
0 0 0 0 0 0 0 0 0 1 0 0 0 0 0 0 0 0 0 0 0
0 0 0 0 0 0 0 0 0 0 1 0 0 0 0 0 0 0 0 0 0
0 0 0 0 0 0 0 0 0 0 0 1 0 0 0 0 0 0 0 0 0
0 0 0 0 0 0 0 0 0 0 0 0 1 0 0 0 0 0 0 0 0
0 0 0 0 0 0 0 0 0 0 0 0 0 1 0 0 0 0 0 0 0
0 0 0 0 0 0 0 0 0 0 0 0 0 0 1 0 0 0 0 0 0
0 0 0 0 0 0 0 0 0 0 0 0 0 0 0 1 0 0 0 0 0
0 0 0 0 0 0 0 0 0 0 0 0 0 0 0 0 1 0 0 0 0
0 0 0 0 0 0 0 0 0 0 0 0 0 0 0 0 0 1 0 0 0
0 0 0 0 0 0 0 0 0 0 0 0 0 0 0 0 0 0 1 0 0
1 0 0 0 0 0 0 0 0 0 0 0 0 0 0 0 0 0 0 0 1
1000 1000 1000 1000 1000 1000 1000 1000 1000 1000 1000 1000 1000 1000 1000 1000 1000 1000 1000 1000 1000
20 1000000000
1000 1000 1000 1000 1000 1000 1000 1000 1000 1000 1000 1000 1000 1000 1000 1000 1000 1000 1000 1000 1000
1000 1000 1000 1000 1000 1000 1000 1000 1000 1000 1000 1000 1000 1000 1000 1000 1000 1000 1000 1000 1000
1000 1000 1000 1000 1000 1000 1000 1000 1000 1000 1000 1000 1000 1000 1000 1000 1000 1000 1000 1000 1000
1000 1000 1000 1000 1000 1000 1000 1000 1000 1000 1000 1000 1000 1000 1000 1000 1000 1000 1000 1000 1000
1000 1000 1000 1000 1000 1000 1000 1000 1000 1000 1000 1000 1000 1000 1000 1000 1000 1000 1000 1000 1000
1000 1000 1000 1000 1000 1000 1000 1000 1000 1000 1000 1000 1000 1000 1000 1000 1000 1000 1000 1000 1000
1000 1000 1000 1000 1000 1000 1000 1000 1000 1000 1000 1000 1000 1000 1000 1000 1000 1000 1000 1000 1000
1000 1000 1000 1000 1000 1000 1000 1000 1000 1000 1000 1000 1000 1000 1000 1000 1000 1000 1000 1000 1000
1000 1000 1000 1000 1000 1000 1000 1000 1000 1000 1000 1000 1000 1000 1000 1000 1000 1000 1000 1000 1000
1000 1000 1000 1000 1000 1000 1000 1000 1000 1000 1000 1000 1000 1000 1000 1000 1000 1000 1000 1000 1000
1000 1000 1000 1000 1000 1000 1000 1000 1000 1000 1000 1000 1000 1000 1000 1000 1000 1000 1000 1000 1000
1000 1000 1000 1000 1000 1000 1000 1000 1000 1000 1000 1000 1000 1000 1000 1000 1000 1000 1000 1000 1000
1000 1000 1000 1000 1000 1000 1000 1000 1000 1000 1000 1000 1000 1000 1000 1000 1000 1000 1000 1000 1000
1000 1000 1000 1000 1000 1000 1000 1000 1000 1000 1000 1000 1000 1000 1000 1000 1000 1000 1000 1000 1000
1000 1000 1000 1000 1000 1000 1000 1000 1000 1000 1000 1000 1000 1000 1000 1000 1000 1000 1000 1000 1000
1000 1000 1000 1000 1000 1000 1000 1000 1000 1000 1000 1000 1000 1000 1000 1000 1000 1000 1000 1000 1000
1000 1000 1000 1000 1000 1000 1000 1000 1000 1000 1000 1000 1000 1000 1000 1000 1000 1000 1000 1000 1000
1000 1000 1000 1000 1000 1000 1000 1000 1000 1000 1000 1000 1000 1000 1000 1000 1000 1000 1000 1000 1000
1000 1000 1000 1000 1000 1000 1000 1000 1000 1000 1000 1000 1000 1000 1000 1000 1000 1000 1000 1000 1000
1000 1000 1000 1000 1000 1000 1000 1000 1000 1000 1000 1000 1000 1000 1000 1000 1000 1000 1000 1000 1000
20 1000000000
0 1 0 0 0 0 0 0 0 0 0 0 0 0 0 0 0 0 0 0 0
0 0 1 0 0 0 0 0 0 0 0 0 0 0 0 0 0 0 0 0 0
0 0 0 1 0 0 0 0 0 0 0 0 0 0 0 0 0 0 0 0 0
0 0 0 0 1 0 0 0 0 0 0 0 0 0 0 0 0 0 0 0 0
0 0 0 0 0 1 0 0 0 0 0 0 0 0 0 0 0 0 0 0 0
0 0 0 0 0 0 1 0 0 0 0 0 0 0 0 0 0 0 0 0 0
0 0 0 0 0 0 0 1 0 0 0 0 0 0 0 0 0 0 0 0 0
0 0 0 0 0 0 0 0 1 0 0 0 0 0 0 0 0 0 0 0 0
0 0 0 0 0 0 0 0 0 1 0 0 0 0 0 0 0 0 0 0 0
0 0 0 0 0 0 0 0 0 0 1 0 0 0 0 0 0 0 0 0 0
0 0 0 0 0 0 0 0 0 1 0 1 0 0 0 0 0 0 0 0 0
0 0 0 0 0 0 0 0 0 0 0 0 1 0 0 0 0 0 0 0 0
0 0 0 0 0 0 0 0 0 0 0 0 0 1 0 0 0 0 0 0 0
0 0 0 0 0 0 0 0 0 0 0 0 0 0 1 0 0 0 0 0 0
0 0 0 0 0 0 0 0 0 0 0 0 0 0 0 1 0 0 0 0 0
0 0 0 0 0 0 0 0 0 0 0 0 0 0 0 0 1 0 0 0 0
0 0 0 0 0 0 0 0 0 0 0 0 0 0 0 0 0 1 0 0 0
0 0 0 0 0 0 0 0 0 0 0 0 0 0 0 0 0 0 1 0 0
1 0 0 0 0 0 0 0 0 0 0 0 0 0 0 0 0 0 0 0 1
1000 1000 1000 1000 1000 1000 1000 1000 1000 1000 1000 1000 1000 1000 1000 1000 1000 1000 1000 1000 1000
19 971907426
677 0 0 0 0 0 411 852 398 0 0 0 0 0 148 0 732 0 0 0
61 22 853 0 0 274 0 975 0 0 8 0 0 81 0 865 0 0 0 0
0 29 0 799 116 0 570 887 0 0 0 0 501 0 0 0 0 0 0 0
807 562 0 0 881 0 789 0 0 0 0 892 993 695 861 734 903 0 903 959
0 186 639 0 0 427 179 773 0 571 0 0 0 0 0 0 200 956 224 0
0 372 955 134 0 133 0 0 0 0 444 0 0 507 515 449 0 0 0 0
18 0 0 0 156 0 0 0 0 0 727 879 0 968 766 0 680 0 0 0
0 0 0 0 0 264 0 0 0 203 0 0 0 0 662 0 712 734 0 0
0 509 423 0 0 0 0 0 681 0 0 0 0 543 351 151 0 525 0 0
812 317 0 70 0 0 837 0 131 0 0 797 0 0 305 0 0 651 0 0
0 874 0 0 540 0 0 10 0 0 755 809 0 128 0 0 0 0 0 298
756 0 991 0 0 0 0 0 0 0 9 0 0 0 132 0 0 0 0 826
0 0 0 85 0 0 0 0 0 0 469 748 0 0 0 0 666 0 0 762
0 346 144 0 0 0 487 0 0 0 0 0 909 0 827 820 0 0 44 0
0 252 0 0 0 0 110 0 0 75 0 0 0 635 0 0 101 0 0 0
0 0 0 122 184 0 333 0 235 0 0 0 0 0 204 0 0 0 256 0
0 577 378 0 0 0 226 0 402 61 0 739 0 0 0 0 0 672 0 0
0 435 0 0 515 0 0 0 0 40 0 0 0 0 0 759 0 0 0 0
165 0 0 0 113 0 0 0 0 0 0 0 0 0 867 192 0 0 0 0
12 304055339
0 0 0 780 0 442 0 207 0 0 0 0 331
0 640 0 0 0 572 0 0 0 0 125 4 979
442 0 0 128 0 0 398 410 0 0 670 130 633
471 0 679 0 143 0 0 0 154 0 0 0 923
0 28 0 0 0 900 0 66 0 283 425 0 0
0 0 346 0 738 267 0 0 0 0 0 219 391
0 0 920 830 0 0 0 0 0 0 222 841 0
0 0 696 932 676 0 0 486 0 0 0 86 0
85 48 0 0 0 723 238 0 0 0 563 0 0
240 0 0 0 0 0 0 269 0 0 0 0 0
406 0 330 0 0 0 0 52 288 0 531 0 402
0 0 0 0 971 917 0 0 0 858 235 0 338
20 468468717
0 0 0 699 464 144 826 744 0 871 726 0 555 0 0 0 679 0 663 0 839
526 0 432 252 861 223 0 0 0 93 700 375 0 622 0 443 313 356 327 313 580
0 0 629 0 0 0 0 203 0 0 665 0 0 500 0 150 0 0 0 0 0
0 0 0 673 0 0 0 0 904 597 531 0 220 189 0 657 49 40 0 920 0
139 861 0 84 134 0 0 841 102 383 0 885 0 615 0 0 964 318 0 0 86
0 0 664 0 795 451 0 507 0 25 0 21 169 0 0 0 85 0 754 0 729
0 866 910 943 0 0 983 766 0 0 542 941 511 0 0 0 0 0 654 13 0
0 0 0 886 0 443 0 321 742 0 0 659 0 0 147 0 0 0 0 314 597
0 430 929 0 145 452 496 377 0 0 258 0 0 493 0 0 651 0 0 0 0
0 0 808 0 0 0 394 400 213 0 279 391 0 0 0 0 0 0 0 0 0
733 208 0 0 172 0 0 261 405 0 855 0 831 0 995 0 126 0 0 0 803
980 0 0 968 0 477 731 0 0 301 0 119 244 0 0 0 0 0 110 416 0
479 0 0 982 575 912 0 0 68 916 0 0 0 0 0 0 632 0 0 0 31
550 223 823 330 629 115 0 717 244 0 91 510 0 0 0 0 324 0 609 0 0
680 499 463 0 0 317 36 12 0 793 327 51 0 0 903 334 0 20 0 280 330
0 0 0 961 650 105 835 0 72 928 0 279 609 308 29 373 582 160 0 0 0
0 0 329 339 0 0 360 842 0 0 0 0 846 944 26 0 0 0 142 529 940
0 110 0 835 990 0 0 807 22 212 633 716 1000 667 0 0 0 669 0 426 0
305 0 190 758 901 0 0 0 0 0 0 0 0 881 0 4 753 877 494 0 0
617 89 283 784 0 0 884 0 390 0 878 0 0 517 577 626 0 269 0 920 399
17 30
0 0 0 0 1 2 2 0 0 1 1 1 1 1 0 0 1 0
0 1 2 0 2 0 1 0 0 0 0 2 0 2 0 1 0 2
1 0 1 2 0 2 0 1 1 0 1 1 1 0 0 0 2 0
1 0 1 1 0 1 0 1 0 2 2 2 1 2 0 1 1 0
0 1 2 0 0 0 1 1 0 2 0 2 2 2 1 0 1 1
1 0 2 0 0 2 1 0 0 0 2 1 2 2 1 0 0 2
2 2 2 2 1 0 1 2 2 0 0 0 1 1 2 1 1 1
0 0 1 1 1 1 0 0 0 0 0 2 1 2 0 2 0 0
2 0 0 2 1 0 1 1 2 2 1 0 1 0 0 2 0 0
0 2 0 2 1 1 2 1 1 2 2 2 2 2 2 1 2 1
0 1 2 1 2 1 0 1 0 0 2 1 2 2 2 0 2 0
2 1 0 1 1 2 2 1 2 0 0 1 0 0 2 1 1 2
1 2 0 0 1 0 1 2 0 0 1 1 1 1 1 2 0 2
2 2 2 2 0 0 0 0 1 2 1 1 0 0 0 0 2 1
2 2 2 1 1 2 1 1 1 2 2 1 0 1 2 2 0 2
1 0 2 1 0 1 2 1 2 1 0 2 1 2 1 2 0 1
1 0 0 0 2 0 1 2 0 1 2 0 2 2 1 0 2 1
8 109421456
989 749 784 633 9 751 991 341 427
841 0 0 185 0 222 429 0 65
0 996 0 0 587 831 0 38 200
589 786 0 896 134 906 532 0 921
0 514 0 605 788 408 507 101 701
177 946 172 117 185 461 533 298 465
363 182 9 233 507 739 756 454 779
0 883 319 0 878 0 336 0 0
1 62
0 1
2 71
0 0 0
1 0 2
8 131
0 0 0 0 0 2 0 0 0
2 0 1 0 0 2 2 0 0
0 2 0 0 1 1 0 0 0
0 1 0 0 1 0 0 0 0
1 1 2 1 0 2 1 2 2
2 0 0 0 1 0 2 0 0
0 0 0 2 2 1 2 2 0
1 0 2 0 0 2 0 0 0
7 26
0 0 0 0 0 0 2 0
0 0 1 2 0 2 0 2
0 2 0 1 0 0 0 2
0 0 0 1 0 2 0 1
0 0 1 0 0 0 1 2
2 0 0 0 0 1 2 2
0 2 2 0 0 0 0 0
14 347784459
701 0 522 0 217 375 312 280 844 660 116 494 380 80 341
236 581 249 766 205 0 336 915 0 569 0 0 157 0 349
373 715 408 102 268 0 557 6 724 406 266 0 635 618 373
250 346 965 512 385 420 395 737 91 862 200 77 747 775 734
491 98 194 615 0 297 826 902 418 614 0 683 0 0 143
961 0 551 890 917 691 0 94 192 503 26 640 814 55 0
0 0 647 121 9 242 73 294 956 809 230 387 764 884 269
129 120 0 505 722 601 125 0 365 615 525 299 0 453 675
905 197 0 381 671 400 0 701 0 317 618 0 711 100 120
0 921 188 658 583 256 90 527 434 48 648 0 970 0 424
402 924 135 928 702 255 0 242 570 941 257 67 520 54 0
528 245 162 115 313 187 936 557 136 751 694 0 3 148 775
793 35 605 844 0 152 398 717 822 523 488 675 0 0 517
324 214 0 787 268 255 655 225 576 638 48 240 124 97 678
14 606523662
0 0 0 0 0 0 0 0 0 0 0 0 0 0 0
0 0 0 0 0 310 0 0 0 0 0 0 0 620 0
0 0 0 0 0 0 0 0 0 0 0 0 0 0 0
0 0 0 0 0 0 0 0 0 0 0 0 0 0 0
0 0 0 0 0 0 0 0 0 0 0 0 0 0 0
0 0 0 0 0 0 0 0 0 0 0 0 0 0 0
0 0 0 0 0 0 0 0 0 0 0 0 0 0 0
0 0 0 0 0 0 0 0 0 0 0 0 0 0 0
0 0 0 0 0 0 0 0 0 0 0 0 0 0 0
0 0 0 0 0 0 0 0 0 0 0 0 0 0 0
0 0 0 0 0 0 0 0 0 0 0 0 0 0 0
0 0 0 0 0 0 0 0 0 0 0 0 0 0 0
0 0 0 0 0 0 0 0 0 0 0 0 0 0 0
0 0 0 0 0 0 0 0 0 0 0 0 0 0 0
20 48701157
734 102 26 478 247 794 765 776 694 582 485 992 168 743 778 0 557 980 918 166 785
750 793 410 255 922 0 754 477 740 69 313 477 558 838 238 977 777 603 548 480 642
401 717 0 736 802 986 943 768 712 953 561 998 427 810 253 541 60 270 542 187 409
273 51 692 97 610 101 282 231 843 398 618 65 173 309 0 840 558 645 898 734 540
740 65 950 493 692 800 526 743 767 317 504 0 652 545 257 99 605 789 450 620 583
262 163 457 208 372 872 0 979 245 656 369 82 330 255 866 897 14 845 349 709 90
651 754 8 972 848 969 912 426 557 270 0 612 66 545 870 342 860 705 45 286 498
961 502 778 839 216 106 55 0 378 261 302 282 620 196 898 311 735 464 221 119 341
148 777 473 537 546 719 808 110 0 82 837 389 335 252 328 0 143 697 754 0 0
0 0 539 103 0 152 888 565 974 327 921 659 297 448 151 503 0 48 327 885 886
535 788 99 527 506 432 948 416 888 585 697 37 399 189 958 714 684 292 193 729 319
378 134 306 0 511 209 152 707 643 494 287 630 304 571 226 765 239 766 639 210 849
651 294 34 76 188 76 965 676 264 453 417 88 468 747 670 140 724 379 709 753 973
426 523 32 364 909 724 761 376 382 691 116 97 595 860 414 959 233 870 49 13 335
868 950 863 76 140 68 222 44 464 608 560 457 785 290 173 265 361 737 66 102 917
971 672 747 312 497 234 695 905 860 0 215 287 800 3 591 416 596 0 0 73 981
231 638 971 747 997 812 970 671 961 0 573 9 726 227 213 538 546 26 945 977 0
685 664 325 542 285 830 460 0 819 1000 527 596 53 949 785 39 614 623 610 514 87
406 732 55 672 354 410 231 598 0 0 464 877 187 541 755 447 688 905 831 185 621
972 375 926 637 0 739 729 933 817 197 522 194 210 373 17 828 408 375 204 571 245
13 3
0 2 0 2 0 2 0 0 2 2 0 1 2 0
0 1 0 0 2 0 0 2 1 0 0 2 0 0
1 0 1 1 0 0 2 1 0 0 0 2 0 1
0 0 1 2 1 0 1 2 0 2 2 0 0 2
0 1 1 0 0 2 0 2 1 0 0 0 0 2
2 1 0 2 2 0 1 0 1 0 2 1 0 1
0 1 0 1 0 2 1 0 1 1 2 1 1 0
1 0 0 0 0 0 1 0 2 1 1 0 0 0
0 0 2 0 0 1 0 2 2 0 0 1 2 0
2 0 2 2 1 0 0 1 0 1 0 2 2 1
1 0 1 0 2 0 1 0 0 0 1 0 0 0
0 2 0 1 1 0 2 0 2 2 2 0 0 1
0 0 0 0 0 0 0 2 2 0 0 1 0 0
8 79147888
0 666 0 0 0 0 0 0 0
0 0 0 0 0 595 0 0 0
144 0 0 606 952 0 0 0 0
932 0 0 0 0 376 0 0 0
0 0 0 0 0 0 0 128 0
0 417 453 812 0 0 0 998 85
0 0 570 556 0 0 0 536 345
0 0 0 0 358 0 0 0 0
1 951710597
0 795
1 71
2 0
19 829889119
0 0 0 0 0 0 0 0 780 0 775 0 0 0 0 0 574 0 0 0
0 0 0 0 0 0 0 0 0 0 0 0 0 0 367 0 0 0 0 393
320 0 0 144 0 0 0 0 0 898 0 924 0 0 0 0 0 975 0 0
377 0 466 0 0 0 0 0 0 0 0 0 0 0 0 0 0 0 0 0
0 0 0 0 0 0 0 0 437 0 0 0 0 118 0 0 0 0 0 0
0 0 0 0 998 0 0 978 0 0 0 0 0 0 0 0 0 0 0 0
0 0 0 0 0 0 0 0 0 0 0 0 0 0 0 0 601 218 713 0
593 714 0 0 0 0 0 0 0 0 0 732 0 0 0 0 332 346 0 0
0 871 342 0 0 0 0 941 0 0 0 574 601 0 0 0 0 0 0 0
0 0 0 0 0 0 1 0 0 0 493 0 0 0 0 0 0 739 0 0
0 0 0 0 218 0 0 0 945 0 0 0 0 0 239 0 0 0 0 0
760 85 0 0 0 0 0 0 0 0 573 0 0 0 0 0 953 0 0 0
0 0 0 537 822 0 0 0 0 0 0 0 154 39 0 0 0 0 0 0
247 0 0 0 926 0 0 0 0 0 0 0 0 260 0 0 0 270 0 0
0 236 0 0 0 0 0 0 346 0 0 0 0 0 0 0 0 0 0 0
0 0 0 741 0 0 0 0 0 408 0 0 0 179 77 165 0 0 0 0
778 0 0 0 0 0 0 0 0 0 0 0 0 0 0 0 0 0 0 0
0 0 0 0 0 0 0 716 808 0 0 0 0 0 0 0 0 0 0 0
130 459 202 0 0 932 0 0 900 0 0 0 0 267 0 0 0 622 0 0
2 132
2 0 2
0 1 2
5 8
0 0 0 0 1 0
0 2 2 2 1 0
2 2 0 1 0 1
2 0 2 0 2 0
0 1 2 2 0 2
1 23
0 0
5 736845507
632 557 917 377 541 826
47 925 338 866 603 624
948 771 879 924 681 910
194 499 915 859 27 33
820 412 158 84 166 248
19 75
2 0 0 0 0 0 0 0 0 0 0 0 0 0 0 0 1 0 0 0
0 0 1 0 0 0 0 2 0 0 0 0 0 0 0 0 0 0 1 0
0 0 0 0 0 0 0 0 0 2 0 0 0 0 0 0 0 1 2 2
0 0 0 1 0 0 0 0 0 0 2 2 0 1 0 0 2 0 0 0
0 0 0 0 1 0 0 0 0 0 0 0 0 0 0 0 0 0 1 0
1 0 0 0 0 0 0 0 0 0 0 0 0 0 0 0 1 0 2 1
0 0 0 0 0 0 0 0 2 0 0 1 0 0 0 0 0 0 0 0
0 0 0 0 0 1 0 0 0 1 2 1 0 0 1 0 0 0 0 0
1 0 0 0 0 0 0 0 0 0 0 0 0 0 2 0 1 0 0 0
0 0 0 0 0 0 0 0 0 0 2 1 0 0 0 0 0 0 0 2
0 0 0 0 0 0 0 0 0 1 0 0 0 1 0 0 0 0 0 0
0 0 0 0 0 0 1 0 0 1 0 0 0 0 0 0 0 0 0 2
0 0 1 0 2 0 0 0 0 2 0 0 0 0 0 0 0 0 2 2
0 0 0 0 0 0 0 0 0 0 0 2 2 0 0 0 0 0 0 0
2 0 0 0 0 0 0 0 0 0 0 0 0 0 0 0 0 1 0 0
0 0 0 0 0 0 0 2 0 0 1 1 0 0 0 0 0 0 0 0
1 2 0 0 0 0 0 0 0 0 0 0 0 0 0 1 0 0 0 0
0 0 0 0 0 0 0 2 0 0 0 0 0 0 0 0 0 1 1 0
0 0 2 1 0 0 0 1 0 0 0 0 0 0 0 0 0 0 0 0
3 30
1 0 0 0
0 2 1 0
0 1 1 1
16 330099136
0 0 0 0 0 0 0 0 0 0 570 0 767 0 0 0 0
778 0 0 0 966 189 0 620 0 0 911 0 364 0 356 0 0
58 0 186 0 0 0 0 589 335 0 0 152 765 0 0 0 0
0 0 852 115 0 0 176 0 0 0 0 0 687 0 0 0 557
361 0 577 0 228 0 0 301 0 0 0 0 0 0 165 976 0
160 0 10 0 435 0 0 0 0 0 0 0 0 0 0 0 848
298 0 0 0 493 0 463 0 0 0 538 497 0 213 666 0 0
0 736 0 0 0 0 195 0 437 0 0 0 0 0 820 0 0
778 13 0 296 0 0 0 786 0 0 897 0 0 0 0 0 0
0 0 135 0 779 0 0 0 0 247 704 929 421 0 0 549 0
0 0 0 0 710 0 0 0 449 0 0 0 0 416 0 130 0
0 0 19 0 0 0 0 391 0 0 0 0 355 0 535 322 584
0 362 471 881 0 0 0 0 0 0 0 22 916 0 0 591 0
0 0 717 734 0 0 598 0 0 786 0 0 0 0 0 0 821
0 576 0 0 0 891 0 0 0 0 0 730 0 0 0 436 0
750 665 949 0 0 217 0 0 0 441 0 0 0 0 82 0 0
11 578360843
670 554 368 0 524 146 0 253 939 402 501 137
369 0 628 333 0 0 343 0 358 0 195 0
0 443 613 916 0 972 641 90 905 673 395 312
674 0 0 235 584 690 499 984 707 0 6 136
919 262 891 585 0 0 969 51 96 0 234 40
769 0 138 323 424 939 358 118 774 958 490 705
901 686 956 662 0 843 0 768 0 0 0 0
582 6 272 834 0 197 844 962 376 0 884 470
256 826 170 298 672 637 839 0 822 0 668 255
0 629 0 751 0 573 840 436 409 912 243 0
616 330 0 347 0 271 0 840 396 864 652 871
20 51
0 0 0 0 0 1 0 1 0 0 0 0 0 0 0 0 0 0 0 0 0
0 0 0 0 0 0 1 0 0 0 0 0 0 0 0 0 0 0 0 0 0
0 0 2 0 0 2 2 0 0 0 0 0 1 0 1 0 0 2 0 0 2
0 0 0 1 0 0 0 0 0 0 0 0 0 0 0 1 0 0 0 0 2
0 0 0 0 0 1 0 0 0 2 0 0 2 0 0 0 1 0 1 2 0
0 0 0 0 0 0 0 0 1 0 0 0 0 0 0 1 0 0 0 0 0
0 0 0 1 2 1 0 0 0 0 0 0 1 2 0 0 0 0 0 1 1
0 0 1 0 0 0 0 0 0 0 2 0 0 0 0 0 2 0 0 0 0
0 0 0 2 0 0 0 0 2 0 0 0 2 0 0 0 0 1 0 0 0
0 0 2 0 0 2 0 0 0 0 0 0 1 0 0 0 1 0 0 1 0
1 2 0 0 0 0 2 0 0 0 0 0 0 0 0 2 0 0 0 0 0
0 0 0 0 1 0 0 2 2 0 0 0 0 0 0 1 0 0 0 0 0
0 0 0 0 0 0 2 0 0 0 0 0 0 0 0 0 0 0 0 0 0
0 0 0 0 0 1 0 0 0 0 2 0 1 1 0 2 0 0 0 0 0
1 0 0 0 0 0 0 2 0 0 0 0 0 0 0 0 0 0 0 0 0
1 0 0 0 0 0 2 0 0 0 0 0 2 0 0 0 2 0 1 0 0
0 0 0 0 0 2 0 0 1 0 1 1 2 0 0 0 0 0 0 0 0
0 0 0 0 0 0 0 0 0 0 0 0 0 0 1 0 1 0 2 0 0
1 0 0 2 0 0 0 2 0 0 2 0 0 0 0 0 2 0 0 0 0
0 1 0 0 0 0 0 1 0 0 0 0 0 0 2 2 1 0 1 0 1
2 48
0 0 0
0 0 2
9 160940951
0 0 0 0 0 0 0 0 0 0
0 855 422 0 0 0 0 0 0 298
0 0 0 205 0 0 0 0 0 0
0 979 0 810 0 0 0 0 0 0
0 0 0 210 0 0 0 0 300 0
0 0 626 0 0 0 0 0 0 517
0 485 0 0 0 0 0 0 0 0
0 0 0 0 0 0 0 0 0 942
0 0 0 0 0 0 0 0 530 0
17 36
0 1 0 1 1 0 2 0 0 0 2 2 0 1 0 0 0 1
0 0 1 1 2 1 0 0 0 1 1 0 0 2 0 2 0 0
0 1 0 1 2 2 0 0 1 1 0 0 0 0 0 0 0 0
0 0 0 0 0 0 0 0 1 0 0 0 0 2 2 0 0 1
1 1 0 0 2 0 1 0 2 0 0 0 1 0 0 1 0 1
0 0 2 1 1 2 1 0 2 0 0 1 0 2 0 1 2 2
0 1 0 1 0 2 0 0 0 1 0 0 0 0 2 2 0 1
0 0 1 0 1 0 0 0 0 0 0 0 1 1 0 0 0 1
0 0 0 0 2 2 0 0 0 0 0 0 0 0 0 1 0 0
0 2 1 0 2 0 2 1 0 2 1 0 2 0 0 0 0 1
0 1 1 1 0 0 0 0 0 0 0 1 2 1 0 0 0 0
2 0 0 1 0 0 2 0 0 0 2 2 1 0 1 0 0 0
2 2 0 0 0 0 0 1 2 0 2 1 1 1 1 0 0 1
2 0 0 1 0 0 0 1 2 0 0 1 1 1 0 2 0 2
0 0 0 0 0 0 0 0 0 2 0 1 0 1 0 1 0 0
0 0 0 2 2 0 1 0 2 0 0 0 0 0 0 0 0 0
0 0 0 1 1 2 2 1 2 0 0 1 0 0 2 2 2 0
17 130
0 0 0 0 0 0 0 0 0 0 0 0 0 0 1 0 0 0
0 0 0 0 0 0 0 0 0 0 0 0 0 0 0 0 0 0
0 0 0 0 0 0 0 0 0 0 0 0 0 0 0 0 0 0
0 0 0 0 0 0 0 0 0 0 0 0 0 0 0 0 0 0
0 0 0 0 0 0 0 0 0 0 0 0 0 0 0 0 0 0
0 0 0 0 0 0 0 0 0 0 0 0 0 0 0 0 0 0
0 0 0 0 0 0 0 0 0 0 0 0 0 0 0 0 0 0
0 0 0 0 0 1 0 0 0 0 0 0 1 0 0 0 0 0
0 0 0 0 0 0 0 0 0 0 0 0 0 0 0 0 0 0
0 0 0 0 0 0 0 0 0 0 0 0 0 0 0 0 0 0
0 0 0 0 0 0 0 0 0 0 0 0 0 0 0 0 0 0
0 0 0 1 0 0 0 0 0 0 0 0 0 0 0 0 0 0
0 0 0 0 0 0 0 0 0 0 0 0 0 0 0 0 0 0
0 0 0 0 0 0 0 0 0 0 0 0 0 0 0 0 0 0
0 0 0 0 0 0 0 0 0 0 0 0 0 0 0 0 0 0
0 0 0 0 0 0 0 0 0 0 0 0 0 0 0 0 0 0
0 0 2 0 0 0 0 0 0 0 0 0 0 0 0 0 0 0
9 942556895
0 0 348 0 19 381 388 200 0 348
349 634 421 0 844 0 101 829 257 189
566 230 301 603 524 499 839 0 782 337
463 775 985 306 41 522 0 797 374 0
444 201 0 867 556 295 477 0 0 22
519 674 0 266 996 0 989 330 760 0
166 861 0 0 0 660 94 547 0 887
686 867 456 0 0 193 989 0 371 885
500 577 58 0 539 0 873 350 0 0
20 167211350
620 148 514 519 201 804 0 982 258 915 357 16 33 962 0 611 583 294 457 720 69
9 142 166 851 184 781 0 277 949 680 367 862 81 0 114 351 852 908 986 800 0
224 390 341 921 680 89 517 5 105 943 992 8 696 41 86 133 817 0 0 527 372
517 612 683 670 544 0 0 817 405 700 994 318 0 552 404 910 583 5 499 246 288
0 430 0 0 33 153 431 0 821 849 346 0 849 576 526 796 130 326 199 0 0
146 979 0 124 245 421 640 717 8 100 0 0 817 712 774 254 764 778 688 65 88
336 398 742 119 581 155 0 56 996 0 624 106 5 14 812 79 804 616 0 228 951
573 731 636 33 212 921 339 721 400 197 159 547 521 587 380 0 741 369 596 619 567
972 22 0 926 200 967 278 889 690 69 829 0 880 421 0 225 990 243 185 0 852
204 860 518 929 0 69 734 284 309 509 661 673 272 432 0 620 973 965 77 378 42
456 90 975 366 686 290 814 916 0 0 299 132 391 869 190 217 73 464 0 57 382
877 968 0 566 898 791 736 229 0 0 931 893 414 415 857 413 512 310 490 70 995
0 8 522 216 772 93 0 0 996 779 753 0 0 13 235 129 802 963 280 546 623
336 75 369 995 176 748 119 660 622 170 186 372 559 39 176 638 616 981 446 587 109
781 219 18 144 593 200 753 231 70 328 402 47 587 0 131 39 108 0 13 43 248
548 562 982 432 904 980 389 13 685 925 524 63 189 768 143 397 922 77 922 0 594
678 341 904 193 237 443 126 151 0 561 905 71 792 302 997 0 114 0 630 111 910
195 302 707 878 391 707 135 849 0 841 395 331 750 82 0 0 259 234 978 95 953
676 42 80 531 622 6 935 954 0 435 839 518 631 872 732 328 983 247 19 260 630
286 332 0 641 730 788 832 588 523 380 672 292 592 119 91 647 0 587 881 848 381
5 91
0 1 1 1 1 0
0 1 1 1 2 0
1 2 0 1 1 2
0 0 0 0 2 2
0 1 0 2 1 2
9 533936942
39 0 547 0 0 0 0 967 0 361
273 714 219 0 748 0 705 0 344 0
0 902 0 845 27 926 651 514 20 462
772 0 0 973 0 176 563 0 922 685
901 381 593 832 0 0 417 583 774 580
397 0 887 0 798 717 77 0 730 92
559 216 772 0 11 492 963 410 0 420
630 506 779 0 147 764 714 0 715 296
0 0 0 0 0 11 847 481 888 0
14 168
0 0 2 2 2 0 0 0 0 0 2 1 0 1 2
2 0 0 1 0 0 0 0 1 0 0 0 1 0 0
0 0 1 0 0 1 0 0 1 1 0 0 0 2 0
0 0 0 0 0 0 1 0 0 0 2 0 2 0 0
1 1 0 0 2 1 1 0 2 2 2 1 0 0 1
0 0 0 0 1 2 0 0 0 0 2 1 1 2 2
0 0 0 0 0 2 2 0 1 0 0 1 1 0 1
0 0 0 0 0 0 0 0 0 1 0 0 2 2 0
1 1 0 0 2 0 1 2 0 1 0 1 0 1 0
2 0 0 0 1 1 0 0 0 2 2 0 0 0 2
0 2 0 2 0 2 0 0 1 2 0 0 1 1 0
0 0 0 0 1 1 2 0 0 0 0 0 1 0 0
0 0 0 0 2 2 0 0 0 0 0 0 0 0 0
0 2 0 0 1 0 0 0 0 0 0 1 0 0 0
8 939284789
673 680 511 445 0 25 83 617 503
456 123 737 69 780 622 196 0 596
47 639 0 523 151 948 495 448 648
889 790 332 549 577 154 684 907 964
661 55 123 401 687 0 697 308 641
894 0 562 464 0 333 102 828 540
79 931 950 959 907 777 149 949 70
372 360 887 80 661 498 467 740 134
18 9
0 0 1 0 0 2 0 0 0 0 0 1 0 0 0 0 2 1 0
0 0 0 1 0 0 0 2 0 1 0 1 0 0 0 1 0 1 0
1 2 1 2 0 0 0 0 0 0 1 0 0 2 0 2 0 2 2
1 1 0 2 2 2 1 1 0 0 2 1 1 0 2 2 2 2 1
0 2 0 0 2 2 0 1 0 2 0 0 0 0 2 2 0 1 0
0 0 0 0 0 0 1 0 2 0 1 0 2 0 1 0 1 1 2
0 0 0 2 2 0 2 0 0 2 0 0 0 1 2 2 0 2 1
1 0 1 0 0 0 0 0 1 2 0 0 0 2 0 0 2 2 2
1 1 0 0 1 1 1 2 1 1 1 1 0 0 2 0 0 0 0
0 1 1 0 0 0 1 0 1 0 0 0 0 0 0 0 0 2 2
2 2 2 1 0 0 1 0 0 0 2 0 0 0 2 1 1 2 0
2 1 0 0 0 0 1 0 2 0 0 0 1 1 0 0 0 2 2
2 2 2 2 2 0 2 2 0 0 1 2 0 0 0 0 0 2 0
2 2 0 0 1 1 0 2 2 0 1 0 0 0 2 2 1 0 0
0 0 0 0 0 0 2 0 2 2 1 2 1 2 1 0 0 0 0
0 0 0 1 0 0 2 0 0 1 0 0 1 2 0 0 0 0 0
0 2 2 0 0 2 1 0 2 2 0 0 2 0 2 1 2 0 2
1 1 1 0 0 2 0 0 0 0 0 0 1 0 0 0 0 0 1
10 1
0 0 0 0 0 0 0 0 0 0 0
0 0 0 0 0 0 0 0 0 0 0
0 0 0 0 0 0 0 0 0 0 0
0 0 0 0 0 0 0 0 0 0 0
0 0 0 0 0 0 0 0 0 0 0
0 0 0 0 0 0 0 0 0 0 0
0 0 0 0 0 0 0 0 0 0 0
0 0 0 0 0 0 0 0 0 0 0
0 0 0 0 0 0 0 0 0 0 0
0 0 0 0 0 0 0 0 0 0 0
5 101230583
0 0 0 0 0 0
0 0 0 0 0 0
0 0 0 0 0 0
0 0 0 0 0 0
825 417 0 0 0 0
1 494077055
744 210
4 66
2 1 2 1 1
0 1 0 1 1
1 1 0 1 0
2 1 1 0 1
6 121
0 1 2 2 0 0 0
2 0 1 0 2 2 1
1 0 0 0 2 1 1
2 2 1 1 2 0 1
1 2 2 0 0 1 2
2 1 0 0 0 1 0
9 70
0 0 0 0 0 0 0 0 0 0
0 0 0 2 0 0 0 0 0 0
0 0 0 0 0 0 0 0 0 0
0 0 0 0 0 0 0 0 0 0
0 0 0 0 0 1 0 0 0 0
0 0 0 0 0 0 0 0 2 0
0 0 0 0 0 0 0 0 0 0
2 0 0 0 0 0 0 0 0 0
2 1 0 1 0 0 1 0 2 0
2 218895298
190 449 0
0 377 348
14 519386330
0 0 0 0 0 0 594 463 360 0 0 0 0 0 0
0 220 0 256 0 0 0 0 0 0 0 0 0 0 0
0 211 0 0 0 691 0 0 0 27 166 0 0 0 0
0 0 0 744 0 0 522 0 0 0 821 0 0 0 0
0 0 296 0 0 0 0 0 0 0 0 0 852 0 0
0 0 0 0 0 0 0 0 0 101 0 0 0 0 0
0 0 0 0 0 0 0 467 0 0 550 0 970 0 0
670 0 0 0 0 0 0 431 598 0 835 0 586 0 960
0 0 0 729 0 0 0 0 0 135 0 0 0 0 0
304 751 0 0 0 338 0 839 0 0 29 0 0 0 0
0 0 0 0 0 0 0 0 0 0 196 0 0 0 0
655 0 0 0 0 0 0 0 0 0 0 0 0 0 575
0 0 0 0 0 0 0 0 0 0 379 0 0 0 0
291 0 752 0 0 0 0 0 0 0 0 0 0 969 0
1 78
0 0
3 506158439
0 0 0 0
0 0 0 0
0 0 0 0
18 120
0 0 0 0 0 2 0 0 0 2 0 0 2 0 0 0 0 1 0
2 0 0 0 0 0 2 1 0 0 0 0 1 1 1 0 0 1 0
0 0 2 0 0 0 0 0 0 0 0 0 0 1 1 0 0 0 0
1 0 0 0 0 0 0 2 0 1 0 0 0 0 0 2 0 0 2
0 0 1 0 0 0 0 1 0 2 0 2 0 2 0 2 0 0 0
0 0 0 0 0 1 0 0 1 0 2 0 2 2 0 1 0 0 0
1 0 0 0 0 0 2 0 0 1 2 0 0 0 1 2 0 0 1
0 2 0 0 0 0 2 0 0 0 0 2 1 0 0 0 0 0 0
0 0 0 1 1 2 0 0 1 2 0 0 0 0 0 0 0 0 0
0 1 0 0 1 0 0 2 0 0 0 1 0 0 0 0 0 0 0
0 0 2 0 0 0 1 1 0 0 2 1 0 0 0 2 2 0 0
0 1 2 1 0 2 0 0 0 1 0 2 2 0 0 0 2 2 0
0 0 0 0 0 0 0 0 0 0 0 0 0 0 0 0 0 2 0
1 0 0 0 2 0 0 0 2 1 1 0 1 0 0 1 0 0 0
0 0 1 0 0 0 0 0 0 0 2 0 0 0 0 2 1 0 0
0 2 1 0 2 0 0 0 0 0 0 0 0 0 0 2 1 0 0
0 0 0 0 0 0 0 0 1 0 0 2 0 0 0 0 2 2 0
0 0 0 0 0 0 2 0 0 0 0 0 0 2 0 2 0 0 1
5 595795136
0 0 0 0 0 123
0 0 0 0 627 960
0 269 415 353 245 0
0 742 0 0 426 389
898 0 677 401 0 0
14 894402020
0 0 0 0 0 0 752 0 822 129 336 182 183 0 0
0 26 214 760 821 633 0 46 0 0 236 165 199 242 365
790 0 976 204 0 87 0 506 291 887 268 355 118 0 0
0 262 284 0 978 636 0 0 346 470 56 492 0 0 0
0 417 46 0 752 0 258 152 387 311 0 0 0 996 0
0 214 632 266 889 990 41 753 630 745 828 205 134 0 0
993 137 364 0 401 983 0 517 0 0 0 954 301 706 13
509 705 0 0 11 128 0 125 975 492 0 0 632 926 112
202 341 0 0 217 802 925 734 903 353 272 911 442 0 0
0 0 211 524 0 725 408 740 0 603 0 217 240 0 506
0 204 0 879 0 823 0 926 844 0 0 537 734 0 592
215 0 540 725 92 728 116 993 421 185 769 308 0 0 0
569 835 974 311 0 12 313 309 832 343 826 0 584 670 921
948 193 55 398 758 225 450 0 512 613 0 0 495 68 588
3 872594681
0 0 662 0
0 0 132 0
0 0 0 0
3 16
0 0 0 0
0 0 0 0
1 0 0 0
20 141
1 0 1 1 1 0 1 1 1 0 0 2 1 0 2 0 2 0 0 2 0
0 0 1 2 1 2 2 0 0 2 2 0 0 0 0 0 2 0 0 2 0
1 2 0 2 2 0 0 0 0 2 0 2 0 0 1 1 1 1 1 0 0
0 1 0 0 2 2 1 1 2 1 0 0 2 0 0 1 1 0 0 1 0
2 2 2 2 2 0 2 0 0 0 0 1 0 1 1 0 0 0 0 0 0
1 0 2 1 0 1 2 2 0 1 0 1 0 2 0 0 0 0 0 0 0
2 2 1 0 0 0 2 1 0 0 0 0 1 0 2 0 0 2 1 1 0
2 0 1 0 2 2 2 1 0 0 2 2 1 1 2 0 0 1 0 0 2
2 0 0 0 0 1 0 0 0 2 2 0 1 0 1 0 2 0 0 0 0
1 0 2 1 0 0 2 1 0 0 1 0 0 0 0 0 2 1 2 1 0
2 0 0 1 0 2 0 1 1 1 2 1 0 1 2 0 1 0 2 1 0
2 0 1 2 2 0 1 0 0 2 1 0 0 2 0 1 0 2 2 2 1
0 2 1 2 1 2 2 1 0 0 2 0 1 1 1 2 1 0 2 1 1
1 1 1 1 2 2 0 2 0 0 2 0 0 1 2 0 0 2 2 0 0
0 2 0 2 0 1 2 0 2 2 0 2 2 2 1 2 1 2 1 1 2
0 2 1 1 1 2 2 1 1 0 1 0 1 0 0 2 0 0 0 2 2
0 2 0 0 0 2 0 2 0 0 0 0 0 2 0 0 0 0 0 2 1
1 2 2 1 0 2 0 1 2 0 1 2 2 0 0 0 2 1 0 0 0
2 2 0 2 2 2 0 2 1 1 0 0 0 1 1 2 1 2 2 1 1
0 0 2 0 0 1 2 0 1 0 1 0 0 2 1 0 0 1 0 1 0
1 2
0 0
17 421924435
0 0 0 345 204 976 0 0 0 0 449 0 987 0 321 965 537 0
0 0 0 0 0 428 0 0 0 300 698 164 652 0 451 0 134 0
0 792 0 0 0 815 144 0 0 0 232 155 456 0 0 0 0 485
0 677 0 0 0 0 0 150 575 0 4 0 280 0 0 595 507 0
215 517 0 265 756 0 0 0 0 0 508 0 76 0 0 171 259 0
0 0 814 350 0 0 901 0 0 0 0 0 0 0 618 0 570 0
0 0 0 0 0 0 147 775 0 0 0 0 0 342 490 0 0 250
999 0 0 199 0 632 0 0 0 0 379 0 0 0 0 0 0 0
0 0 741 0 123 482 0 0 0 66 0 409 0 0 0 206 0 0
0 0 0 98 0 0 738 0 783 127 57 0 24 0 0 0 0 677
0 0 146 0 0 622 0 754 0 0 589 0 0 0 0 0 0 685
0 494 0 649 0 0 0 0 0 0 0 866 231 0 89 0 14 0
645 429 484 0 365 0 831 0 0 232 269 0 0 574 0 0 456 948
0 0 94 0 0 252 0 0 0 0 0 0 887 0 0 357 389 725
0 776 0 670 0 132 700 276 376 365 0 0 75 0 870 252 698 0
0 190 55 0 0 0 636 0 0 316 0 0 0 862 0 0 0 0
0 0 0 0 670 797 0 0 803 0 958 0 0 0 847 962 0 0
8 503172899
918 413 811 936 0 598 883 6 163
169 0 638 0 682 161 349 765 928
847 839 829 164 922 0 634 707 992
872 0 942 867 215 691 741 505 0
678 371 503 584 0 109 442 0 0
0 929 0 192 226 696 0 676 0
378 959 472 970 0 0 0 150 0
184 479 0 612 348 347 830 3 256
1 829652530
0 645
6 39
1 2 2 0 2 1 0
2 0 1 0 0 0 2
0 0 0 1 2 2 0
1 0 0 1 0 1 0
2 0 1 1 2 2 0
2 0 0 1 0 2 1
5 910523371
666 0 0 680 873 680
0 797 0 917 0 0
0 625 0 0 582 0
644 886 797 0 56 278
370 0 884 0 384 145
14 572381977
319 0 532 853 98 0 499 849 609 0 69 0 0 372 0
889 0 649 0 17 914 431 0 0 398 430 263 368 432 815
164 390 503 206 679 75 494 4 55 0 62 246 430 506 234
0 0 398 794 16 60 423 0 145 543 0 270 105 106 40
85 875 101 893 0 788 184 476 0 69 163 459 225 589 0
589 0 0 722 931 898 53 742 122 280 513 411 272 754 875
567 284 136 387 430 228 0 935 121 346 848 753 85 903 0
283 928 707 252 550 23 981 110 0 317 37 0 0 0 621
0 310 246 832 437 783 0 81 0 286 431 585 574 0 1
908 0 511 537 607 235 891 0 577 788 408 636 681 164 114
391 488 0 819 0 626 555 141 237 328 634 251 870 61 422
482 888 0 538 165 124 271 903 147 0 864 910 711 0 244
988 167 937 585 650 427 415 817 909 142 561 798 543 957 618
647 265 533 0 119 857 456 41 389 725 953 805 0 0 179
9 841368369
0 0 0 692 0 0 0 985 0 0
0 0 0 0 0 0 532 514 0 968
230 796 647 520 0 722 0 0 0 862
0 0 0 908 928 0 0 0 0 0
0 196 0 863 0 0 0 0 0 0
0 0 0 0 0 0 0 0 0 0
0 0 0 0 0 0 0 0 0 0
0 527 689 369 442 0 653 0 0 0
543 466 0 0 0 0 0 209 0 0
12 43
1 1 0 0 0 0 2 2 1 1 0 0 1
1 0 1 1 2 0 2 0 0 1 0 1 0
1 0 1 0 0 2 0 0 0 1 0 0 0
0 2 2 0 0 0 0 0 0 0 0 0 0
0 0 2 0 0 0 0 0 0 2 0 1 0
1 0 2 0 0 0 0 0 0 2 2 2 0
0 0 0 0 0 0 0 0 0 1 0 0 0
0 0 1 0 0 0 2 0 2 0 0 0 0
0 0 0 0 0 0 0 0 0 0 0 0 0
0 0 0 0 0 0 1 1 0 1 1 0 0
1 0 2 0 0 0 0 0 0 0 0 0 0
2 0 0 1 0 0 2 1 0 0 0 0 2
3 24
2 0 1 0
0 1 0 0
2 1 0 1
10 460884443
0 0 0 0 0 0 0 0 0 0 0
0 0 0 0 0 0 0 0 0 0 0
0 0 0 0 0 0 0 0 0 0 0
0 0 0 0 0 0 0 0 0 0 0
0 0 0 0 0 0 0 0 0 0 0
0 0 0 0 0 0 0 0 0 0 0
0 0 0 0 0 0 0 0 0 0 0
0 0 0 0 0 0 0 0 0 0 0
0 0 0 0 0 0 0 0 0 0 0
0 0 0 0 0 0 0 0 0 0 0
7 884548253
324 0 172 132 0 316 0 317
831 0 0 949 871 916 0 931
0 500 869 512 71 960 0 242
162 673 179 818 608 197 219 195
995 328 801 275 673 542 367 96
0 558 0 633 717 575 0 381
0 541 417 862 515 636 984 0
20 765996268
0 0 0 0 0 0 0 831 769 0 0 271 385 427 467 0 15 857 0 734 0
0 985 384 0 0 349 0 0 0 0 0 0 875 474 269 0 0 324 462 516 736
743 783 0 0 0 769 627 0 443 463 0 0 0 0 203 108 0 0 867 800 81
0 0 398 0 162 0 0 31 0 0 304 0 0 0 0 0 444 684 26 0 0
0 227 0 993 311 0 0 0 0 0 0 0 141 963 0 176 490 931 0 0 461
0 0 0 0 0 0 0 813 654 0 0 1 0 0 0 132 0 0 488 271 0
302 0 0 0 141 0 0 0 478 0 0 815 0 0 806 0 0 0 0 161 0
0 295 0 162 0 618 0 0 808 784 562 908 0 634 0 360 249 0 555 0 0
0 0 427 0 0 944 660 0 0 0 133 0 0 0 0 0 675 0 829 0 0
297 0 184 0 0 0 0 130 0 829 973 0 0 0 0 0 0 809 0 0 403
0 0 0 0 0 964 0 0 360 0 54 281 640 0 0 0 926 0 0 152 0
956 451 112 0 198 0 489 40 0 0 715 0 948 222 0 0 0 88 159 0 821
0 37 275 0 652 0 0 0 86 0 254 0 325 0 0 514 0 849 0 232 537
901 0 0 506 850 0 0 650 20 0 879 387 174 0 0 0 0 980 888 0 0
359 292 0 0 0 901 288 0 0 0 0 948 370 826 0 820 0 0 585 0 657
0 0 0 997 0 573 0 0 269 0 0 0 382 0 581 0 0 0 0 491 0
0 0 0 0 546 230 683 766 0 0 0 886 0 0 800 0 203 923 185 261 0
339 0 17 0 0 103 0 0 0 271 0 0 678 0 0 0 554 0 0 0 0
0 0 0 355 728 96 0 335 0 0 373 866 0 0 0 0 0 743 0 0 17
836 619 0 0 0 396 0 0 0 802 283 0 0 0 327 0 0 0 0 854 0
9 832606416
0 0 463 0 0 0 0 0 0 0
0 0 119 0 0 0 0 0 0 0
0 0 0 973 0 0 0 0 0 0
0 0 0 0 277 0 0 0 0 0
0 481 0 0 0 0 0 0 447 0
0 0 0 898 0 0 0 0 0 0
889 0 0 0 0 0 0 0 922 0
0 0 0 0 0 0 0 0 0 0
0 0 0 0 0 0 0 0 0 0
6 119
2 2 0 0 1 1 2
2 1 0 0 2 0 2
0 0 0 0 0 0 0
0 0 2 1 0 2 0
2 0 1 1 0 0 1
2 0 2 2 0 0 0
5 841205439
757 0 943 12 302 86
0 489 45 43 0 0
527 408 912 91 691 312
133 619 58 525 615 944
331 50 321 574 492 46
1 225168766
929 0
4 405777712
0 0 760 0 0
843 0 0 0 69
0 0 0 0 0
0 0 0 0 0
14 580291010
0 0 0 358 0 0 0 0 403 0 0 0 0 0 0
0 0 0 802 0 0 0 0 0 0 188 0 0 0 0
0 0 0 0 0 53 135 68 0 0 0 0 0 0 0
0 0 0 0 624 0 0 0 953 0 0 0 0 0 0
0 0 0 0 0 0 0 0 0 0 0 0 956 736 0
0 0 0 0 0 0 0 0 0 0 0 0 598 0 0
0 0 0 0 0 0 0 323 0 0 0 0 0 0 0
0 0 0 0 0 0 0 0 0 119 0 0 0 0 343
0 0 0 0 0 277 861 0 0 0 0 0 0 0 0
0 222 0 0 0 0 0 0 0 0 0 0 320 0 0
674 0 0 0 0 0 0 0 0 977 524 0 0 0 0
0 0 0 0 0 0 0 0 0 0 0 0 0 0 0
0 0 0 0 0 0 0 0 0 0 0 0 0 0 321
717 0 0 0 0 0 0 0 0 0 0 0 0 564 0
3 10011905
0 0 0 0
0 313 0 0
0 0 489 0
4 790325080
0 0 369 0 0
0 0 0 0 39
0 0 0 0 0
0 0 729 0 0
19 69
0 0 2 2 1 0 0 0 0 0 0 0 0 0 0 0 0 0 0 0
0 1 0 0 1 0 2 0 0 0 0 0 0 1 0 0 0 0 0 0
2 0 0 0 0 0 0 0 0 0 0 1 2 0 0 0 0 0 0 2
0 0 0 0 0 0 1 0 0 0 0 0 0 0 0 0 0 1 0 0
0 0 2 0 1 0 0 0 0 0 0 0 0 0 0 0 0 0 0 0
0 0 0 0 0 0 1 1 0 0 0 2 0 0 0 0 0 0 1 0
2 0 0 0 0 0 0 0 0 0 0 0 0 0 0 0 0 0 0 0
0 2 0 2 0 0 0 0 0 0 0 0 0 2 0 0 1 0 0 0
0 0 0 0 2 0 0 1 0 0 0 2 0 0 0 0 0 0 0 0
0 0 0 0 0 0 1 0 0 2 0 0 1 0 0 0 0 1 0 0
0 0 0 0 0 0 0 0 0 0 0 0 0 0 0 0 0 0 0 0
0 0 1 0 0 0 0 0 0 0 0 0 0 0 0 2 2 0 2 0
0 0 0 0 0 0 1 0 0 0 2 0 0 0 2 0 0 0 0 0
0 0 0 0 0 0 0 1 0 0 0 0 0 2 2 0 0 0 0 0
0 0 0 1 0 0 0 0 0 0 0 2 0 0 0 0 0 0 0 0
0 2 0 0 0 0 0 0 0 0 2 0 0 2 0 0 0 0 1 0
0 0 0 0 1 0 0 0 1 0 1 0 0 0 0 0 0 2 0 0
0 2 0 0 0 0 0 0 0 0 0 0 0 0 0 0 0 0 0 0
1 0 2 0 1 0 0 0 0 0 0 0 0 0 0 2 0 0 0 0
20 112
1 1 1 0 1 0 2 0 2 0 0 0 0 0 0 0 2 0 2 2 2
0 2 0 0 2 0 0 1 0 2 0 1 2 1 0 0 2 0 0 1 0
0 2 0 1 2 0 0 0 0 0 0 1 0 0 0 2 1 0 0 0 0
1 0 0 1 0 0 1 0 1 0 0 0 1 0 0 0 0 2 0 0 0
2 0 0 1 0 2 1 0 1 2 0 1 1 0 0 0 0 2 0 1 0
0 2 0 0 0 0 2 1 0 2 2 1 0 0 2 0 0 2 2 1 1
2 0 0 0 1 0 0 1 0 0 0 1 2 0 1 2 0 1 0 0 0
0 2 1 1 1 2 0 1 0 1 1 0 0 1 0 0 0 1 1 1 2
0 2 0 1 1 0 0 0 0 1 0 2 0 1 0 2 2 0 2 0 1
1 0 1 0 1 0 2 0 1 0 2 1 1 0 1 0 0 0 1 2 0
0 2 1 2 0 2 0 0 2 2 0 0 1 1 0 1 0 1 0 1 2
0 2 0 2 0 1 1 2 1 1 1 1 0 0 0 1 0 2 0 2 2
2 0 0 0 0 1 2 0 2 0 1 1 0 2 1 1 1 2 1 1 2
1 0 0 2 0 0 0 0 0 1 1 2 1 2 0 1 0 2 0 1 2
1 0 2 1 0 1 0 0 1 2 0 2 2 0 0 2 2 2 0 0 0
0 0 0 0 2 1 0 0 1 2 1 2 2 1 2 1 2 0 0 1 0
1 2 0 2 2 0 0 2 0 1 2 2 2 0 0 0 1 1 2 2 2
0 0 0 2 1 1 0 1 2 1 0 0 1 0 2 1 1 1 0 1 1
2 0 0 0 0 0 0 0 2 0 2 0 2 0 0 0 1 0 0 0 1
0 0 0 0 1 1 2 1 0 0 0 0 1 0 2 0 0 1 0 2 0
2 6
1 0 0
0 0 2
17 724086635
0 279 849 516 796 0 0 602 0 0 431 122 703 593 654 0 98 0
0 0 290 344 32 342 865 0 0 0 0 0 0 580 0 0 0 0
654 199 405 743 0 0 886 283 121 0 485 428 0 0 0 0 683 703
568 0 0 0 0 563 939 0 734 379 613 0 258 361 0 0 767 0
446 0 0 750 355 0 0 0 0 0 0 0 665 0 0 849 896 301
0 734 0 0 0 0 0 510 0 0 0 54 401 0 303 36 790 0
209 176 0 0 247 0 618 0 237 438 12 0 0 30 0 0 162 112
312 156 305 0 0 0 0 0 0 121 0 541 152 253 0 0 391 975
896 118 0 0 0 0 0 0 686 0 893 441 0 0 196 652 0 250
0 0 0 347 0 0 592 0 479 0 0 0 188 889 989 0 130 0
0 0 733 0 599 553 0 0 0 0 0 141 165 0 0 0 611 0
562 316 639 260 380 192 0 265 0 0 0 56 0 477 0 0 238 0
526 0 860 706 0 0 0 452 226 0 0 611 0 0 0 0 400 0
390 794 704 851 0 934 318 483 0 837 970 0 181 347 0 0 230 487
0 0 0 884 0 0 0 176 0 0 0 0 0 0 840 471 0 0
636 0 247 650 194 992 883 0 0 592 931 678 722 0 0 0 0 219
0 772 0 556 0 643 0 0 0 0 820 96 0 804 0 0 144 0
3 20
1 0 0 0
0 0 0 0
0 0 0 0
7 37
0 0 2 2 1 0 1 0
0 2 1 1 0 0 0 0
0 0 1 0 1 1 2 0
1 0 0 2 0 1 1 2
2 0 1 0 0 2 0 1
0 2 0 2 0 1 0 1
0 1 0 0 0 0 2 0
10 300364374
0 0 0 699 913 78 0 0 0 0 587
126 210 0 548 0 0 0 0 527 50 0
0 0 0 0 0 714 394 635 290 0 0
0 0 0 0 0 0 443 0 0 376 821
139 0 0 0 0 0 442 0 0 0 0
0 0 0 920 0 0 0 210 298 0 734
0 0 0 198 0 360 0 0 0 0 0
0 0 0 0 41 0 0 0 0 57 870
666 0 0 0 0 0 0 0 440 0 134
0 0 0 0 783 874 962 0 0 0 0
9 388569564
0 0 0 0 0 0 0 0 0 0
0 0 0 0 0 0 0 0 0 0
0 0 0 0 454 0 0 0 0 0
0 0 0 0 0 0 0 0 386 0
0 0 0 0 0 0 0 0 0 44
0 0 0 0 0 0 0 0 0 0
0 0 0 0 0 0 0 0 0 0
0 0 0 0 0 0 0 0 0 0
0 0 0 0 0 0 0 0 0 0
13 27
0 2 2 0 0 2 0 0 0 0 0 0 0 0
0 0 0 0 0 1 0 0 0 0 0 0 0 0
2 0 0 1 0 0 0 1 2 0 0 0 0 0
2 0 0 0 0 0 0 0 0 0 0 0 0 0
0 0 0 0 0 0 0 0 0 0 0 2 1 0
0 0 0 0 0 0 0 0 0 1 0 0 0 2
0 0 0 0 0 0 0 0 0 0 0 1 0 0
0 2 0 0 0 0 2 0 0 0 0 0 2 0
0 0 2 0 1 0 2 2 0 0 0 0 1 2
0 0 0 0 0 0 0 0 0 0 0 0 0 1
0 0 0 0 0 0 0 0 0 1 0 1 0 0
0 0 0 0 0 0 0 0 0 2 0 0 2 0
0 0 0 0 0 0 0 0 0 1 0 0 0 0
5 279907560
180 0 965 0 0 0
0 0 0 0 611 790
0 0 0 0 0 0
0 0 0 0 0 0
0 117 544 0 412 0
14 6
0 0 0 0 0 0 0 0 0 0 0 0 0 0 0
0 0 0 0 0 0 0 0 0 0 0 0 0 0 0
0 0 0 0 0 0 2 0 0 0 0 0 0 2 0
2 0 0 0 0 0 0 0 0 0 0 0 0 0 0
0 0 0 0 0 0 0 0 0 0 0 1 0 0 0
0 0 0 0 0 0 0 0 0 0 0 0 0 0 0
0 0 0 0 0 2 0 0 0 0 1 0 0 0 0
0 0 0 0 0 0 0 0 0 0 0 0 0 0 0
0 0 0 0 0 0 0 0 0 1 0 0 0 0 0
0 0 0 0 0 0 0 0 0 0 0 0 0 0 0
0 0 0 0 0 0 0 0 0 0 0 0 0 0 0
0 0 0 0 0 0 0 0 0 0 0 0 0 0 0
0 0 0 0 0 0 0 0 0 0 0 0 0 0 0
0 0 0 0 0 0 0 0 0 0 0 0 0 0 0
19 247392156
23 0 159 0 867 0 100 676 832 0 0 953 0 0 0 685 0 0 0 0
0 0 214 0 705 0 0 0 0 558 232 460 0 859 0 898 859 0 501 0
941 0 901 392 0 440 0 0 0 0 0 0 0 0 589 0 554 0 0 0
509 0 0 0 0 0 21 157 0 0 276 0 252 0 0 571 761 0 679 51
0 0 542 768 179 0 830 303 0 0 943 0 0 0 0 328 0 592 904 0
991 0 0 0 557 738 0 0 0 706 406 0 0 765 0 858 513 492 0 97
619 781 642 0 0 725 230 0 124 0 153 0 490 723 343 0 0 0 384 0
0 0 155 10 0 0 0 386 0 0 833 554 0 0 579 0 0 865 184 0
0 858 370 0 428 0 920 763 0 808 0 938 739 0 345 26 210 0 433 0
306 0 737 701 889 395 763 0 0 0 987 0 296 0 0 943 0 0 113 787
411 610 0 261 0 0 0 70 0 0 187 838 0 0 515 363 0 0 0 927
439 0 0 419 342 0 0 570 0 0 790 0 0 419 0 0 893 0 0 317
659 58 0 22 520 0 0 405 0 0 753 0 0 0 781 889 0 355 0 917
0 0 0 396 927 157 203 0 0 0 0 0 0 622 0 686 0 0 644 972
831 0 0 423 0 155 0 596 0 265 602 846 0 0 0 156 945 167 822 0
388 0 0 0 24 0 442 921 0 946 0 0 0 0 0 615 551 536 0 0
152 0 0 171 445 0 0 0 0 0 0 493 0 0 541 0 342 505 756 0
0 0 886 492 0 0 0 0 0 277 819 721 446 344 765 0 0 0 211 375
212 30 0 0 0 0 0 757 0 0 0 686 607 176 921 0 631 0 0 0
15 110
0 2 0 0 0 0 2 0 0 0 0 0 0 0 2 0
0 0 0 0 0 0 0 2 0 0 0 2 1 0 1 0
0 0 0 0 0 0 0 1 0 0 2 0 0 0 0 0
0 0 0 2 1 0 0 0 0 0 0 0 0 0 0 0
0 0 0 0 2 1 0 0 0 0 0 0 0 0 0 1
0 0 0 0 0 2 1 0 0 0 0 0 1 1 0 0
0 0 0 0 2 2 0 1 1 0 0 0 0 0 0 0
2 2 0 0 0 0 2 0 0 2 1 0 0 0 0 0
0 0 0 0 0 0 0 0 2 0 1 2 0 0 0 0
0 0 0 0 1 0 0 0 0 1 0 0 0 0 0 1
0 0 0 0 0 1 0 0 0 0 0 0 1 0 1 0
0 0 2 0 0 0 1 0 2 0 0 0 2 2 0 0
0 2 0 2 0 1 0 0 0 0 0 1 2 0 0 1
1 0 0 1 2 0 0 0 1 0 0 0 0 0 0 2
0 1 0 0 0 0 0 1 1 1 0 0 0 0 0 0
17 50
0 0 0 0 1 1 0 0 0 0 0 0 0 0 0 1 0 0
0 1 0 0 0 0 0 0 0 0 0 0 1 0 0 0 1 2
0 0 1 0 1 2 1 0 0 0 0 0 0 2 0 2 0 0
0 0 0 0 0 1 0 1 0 0 1 0 1 0 0 0 0 0
0 1 0 0 0 0 0 0 0 0 0 0 0 2 0 1 1 1
0 0 2 0 0 0 0 0 0 0 0 1 0 0 0 1 0 2
0 0 0 1 0 2 0 0 0 0 2 0 0 0 0 0 0 0
0 0 0 0 1 0 0 0 0 0 0 0 2 0 0 2 0 0
0 0 0 0 0 1 0 0 0 0 0 0 1 0 0 0 2 0
0 1 0 0 0 0 0 1 0 0 2 0 0 0 0 0 0 0
0 0 0 0 0 0 0 0 0 2 0 0 0 0 0 0 0 0
0 2 0 0 0 1 0 0 0 0 0 0 0 0 0 0 1 1
0 0 0 0 0 0 0 0 0 0 0 0 0 0 0 0 0 0
0 0 0 0 2 0 0 0 0 0 0 1 1 2 2 0 0 0
0 1 0 0 0 0 0 0 0 0 2 0 0 1 0 0 0 0
0 0 0 0 1 0 0 0 0 0 0 0 1 0 0 0 0 0
1 0 0 0 0 0 0 1 0 0 0 0 1 0 0 0 0 0
12 11
0 0 0 0 1 0 0 1 2 1 1 0 0
0 0 0 0 1 0 0 0 0 0 0 0 1
0 2 0 0 0 0 1 1 2 0 0 0 0
1 0 0 1 0 1 1 0 1 2 0 0 0
0 1 2 0 2 1 0 0 0 0 0 2 0
0 0 0 2 0 0 1 0 0 2 2 0 0
0 0 0 1 1 0 0 2 0 0 2 0 0
0 1 1 0 0 1 0 0 0 1 0 2 1
0 0 1 1 0 0 0 0 1 0 1 1 1
0 0 0 2 1 2 0 0 1 0 0 1 0
0 0 2 0 2 0 0 0 0 0 1 0 0
0 0 0 0 0 0 2 0 2 0 0 0 0
9 64
0 1 2 0 0 1 0 0 0 0
1 1 0 0 0 0 1 0 0 2
0 0 1 0 0 0 0 0 2 2
0 0 2 2 2 0 1 0 0 2
1 1 1 0 0 0 0 0 0 0
1 0 0 2 2 0 0 0 2 1
0 0 0 2 0 0 0 0 0 2
2 0 1 2 0 2 0 0 0 2
2 0 2 0 2 2 1 2 0 2
9 38557728
433 430 440 850 768 204 0 1000 850 277
567 213 614 602 361 878 11 145 0 98
389 450 0 46 660 683 0 0 205 0
431 572 0 209 865 0 0 722 956 202
26 0 801 497 479 167 220 765 742 711
119 777 0 269 746 215 0 812 171 0
679 891 373 263 900 884 253 555 556 519
0 164 383 178 228 402 0 307 245 204
847 227 199 997 0 977 655 563 531 227
19 4
2 1 0 2 0 1 0 2 0 1 2 0 2 1 0 2 0 0 0 1
0 0 1 0 0 0 0 0 1 1 0 0 1 0 0 0 0 1 0 2
0 0 0 0 2 1 2 1 1 2 0 1 0 2 2 0 2 0 2 2
0 2 1 0 2 1 1 2 2 1 2 2 2 0 0 1 0 2 0 1
2 2 2 0 0 1 2 1 1 1 0 1 0 0 2 0 0 0 1 2
1 2 0 0 1 0 1 0 0 2 0 1 2 2 2 0 0 1 0 0
0 1 0 0 0 0 0 0 2 2 2 2 0 1 0 0 2 0 1 1
2 1 0 0 0 2 1 1 0 2 2 0 0 0 0 0 0 0 2 0
1 0 0 1 0 0 0 1 1 1 0 2 0 1 1 0 1 2 0 2
2 0 0 2 1 0 2 0 0 0 0 0 0 1 1 1 2 0 1 0
0 0 0 0 1 0 0 1 0 0 2 2 1 0 0 2 0 0 2 0
0 2 0 1 1 0 2 0 1 1 1 2 2 0 1 2 1 0 1 1
0 0 0 2 1 2 1 0 0 0 0 1 0 0 0 0 0 0 0 0
1 2 0 0 2 0 0 2 2 0 2 0 0 2 0 0 1 2 2 2
0 0 2 2 1 2 0 2 0 0 1 1 0 0 2 2 1 2 2 0
0 1 1 1 0 0 1 1 1 0 2 0 1 0 2 0 2 0 0 0
0 1 2 0 1 0 0 2 1 1 2 2 1 0 0 1 2 0 0 2
2 1 0 0 1 0 0 0 1 0 1 2 0 2 2 2 2 0 1 0
0 2 1 1 0 0 1 0 0 2 2 0 0 2 0 0 0 1 0 0
16 6
2 0 0 0 1 0 0 0 0 1 0 1 1 0 0 1 0
0 0 1 0 0 0 1 0 0 0 0 0 0 0 1 0 2
0 0 0 0 0 1 0 0 0 1 1 0 1 2 1 0 1
2 0 2 2 1 1 2 2 0 0 0 0 2 0 0 0 0
0 0 0 0 0 2 2 1 0 0 0 2 1 0 1 0 0
0 0 0 1 0 0 0 0 2 0 0 1 0 0 0 0 0
0 0 0 2 0 1 0 2 0 0 0 0 0 0 0 0 0
1 2 0 0 1 0 1 0 0 0 0 2 1 0 1 1 2
0 0 0 0 1 0 1 0 0 2 0 0 0 0 1 0 0
0 0 1 0 0 0 0 0 0 0 0 0 0 0 0 0 2
0 0 2 0 0 1 0 0 0 0 0 0 2 0 0 1 0
0 0 2 0 0 0 0 0 0 0 1 1 1 1 2 0 0
0 0 2 0 0 1 0 0 0 0 0 0 0 2 0 1 0
1 0 0 0 1 0 0 0 2 0 0 1 1 0 0 0 0
0 0 1 1 0 0 1 0 1 2 0 0 2 0 1 0 0
1 0 0 0 0 2 1 2 0 0 0 0 0 0 2 1 0
