1000
238925 21100 375 998
131253 55710 693 213
75975 12114 60 316
386960 77155 162 154
266405 31769 860 24
34668 96478 452 869
411504 69937 944 282
10237 42355 11 168
323726 57375 394 181
718989 67287 909 878
781508 59033 951 950
147430 27056 268 53
924951 88071 871 100
88410 16152 85 692
50187 61891 185 878
891971 87802 597 613
422501 18553 385 768
408919 52499 428 979
984670 76679 724 349
442140 57618 587 605
268212 36094 920 173
808383 42487 759 777
456610 59294 647 633
812256 90359 693 457
586720 9501 290 233
735307 78646 982 753
307465 99201 399 29
64070 42795 514 102
44 40768 228 80
995054 86943 782 232
65680 60871 843 206
927613 16909 976 128
437571 93840 319 831
1224 50627 487 794
463986 79081 979 360
958118 73440 301 620
685022 91507 7 785
379249 63347 438 940
462796 8737 180 17
431020 86626 480 742
554896 54932 636 780
4636 14464 851 571
98639 63077 733 109
233403 54644 472 643
839203 60123 325 43
131181 75353 708 819
493383 64528 100 272
138640 73752 987 839
964224 20783 391 804
987817 66031 295 473
972423 16568 792 174
907853 45645 256 775
507877 24379 217 843
759180 80018 818 224
516849 82840 360 988
568188 1843 148 839
499669 72645 129 988
661322 37653 357 622
571502 1671 490 479
51783 98573 351 932
589553 49942 999 92
546366 18405 990 687
730709 82302 892 740
805176 9657 623 354
227938 19416 753 512
340312 57205 67 992
137822 22005 28 773
71260 35993 235 510
128414 39859 829 491
303039 71349 771 284
491132 63012 491 489
786818 61324 89 148
859184 88462 849 243
451940 3317 260 57
714519 70278 709 628
760966 43636 95 553
834519 89587 165 835
842008 65893 861 667
777652 56209 338 154
40299 75345 420 489
70979 98570 678 25
80555 49431 356 567
502374 77118 895 463
274326 71108 303 137
164975 93212 132 153
140121 57850 768 856
98805 3942 452 321
838705 46924 750 94
930141 34865 372 472
514006 53024 175 964
157072 28130 367 491
678162 80491 871 699
595857 73457 21 497
111754 15960 176 696
60436 85449 222 562
515323 74657 233 573
820159 85733 950 41
938748 33684 730 942
619489 98548 768 795
906096 51982 979 577
825591 28278 509 286
253496 27459 682 181
411919 77309 516 218
121092 47860 451 419
96496 18188 441 738
247038 98230 535 224
294286 41659 664 500
444471 70129 64 432
391085 68560 608 180
900784 76318 777 932
607053 56518 626 52
462940 1768 575 548
691477 46058 520 631
289458 18219 660 477
576547 9272 408 905
232046 36280 809 484
30336 21442 329 448
689242 77486 424 169
620377 39241 147 381
929755 86210 650 213
225047 71201 256 395
943003 7319 996 995
59704 93265 391 359
514184 92454 345 202
531774 26640 437 806
294471 43543 829 144
500656 11529 523 849
550747 83910 566 752
472636 3095 725 795
958006 16478 859 317
795523 66473 903 505
207324 6016 414 756
404074 80158 560 105
784040 31261 628 654
809284 13962 344 843
471458 60503 225 787
79376 78479 27 906
768634 28964 517 751
938859 77348 397 972
254957 16714 787 280
847723 3697 37 901
247926 18692 551 301
314356 34608 300 616
773142 62299 853 952
483433 99629 821 149
971213 24140 47 413
814987 9383 764 915
604865 8040 893 536
250549 12396 185 167
152158 74735 643 82
495665 3072 380 523
376300 45748 272 652
604186 19862 376 416
766127 39228 763 346
408701 81717 17 931
103875 61086 406 42
800001 77460 647 67
822909 97603 245 834
342365 96637 411 432
65595 42087 37 428
665523 78477 23 894
141542 34390 575 460
868477 43442 400 655
13880 30831 340 952
767389 32395 997 508
246292 27524 456 887
35554 45611 150 604
117413 13431 160 43
5992 37654 423 395
983713 39455 190 62
728918 43682 68 380
889873 21280 506 696
908876 76023 941 831
887613 61046 88 702
294032 50767 833 627
789302 98762 950 300
283559 32310 108 324
966105 87610 556 692
407250 13610 682 118
708733 84917 123 188
316445 88283 427 87
529803 55932 913 652
604969 83628 791 584
116058 53250 609 469
259716 89200 313 149
254100 77900 325 314
122117 89645 214 328
286044 70066 45 274
644600 55388 244 345
464834 55899 343 131
265751 82502 901 872
234200 20868 127 840
607710 9928 91 681
581034 28474 309 748
419407 81295 187 686
943667 7034 884 100
787043 60604 924 992
222807 87703 758 417
199746 31361 615 63
457578 87764 515 195
41120 72258 174 228
139793 56742 737 870
824390 98421 22 277
909819 78643 106 888
670093 33441 439 121
246508 45364 971 608
138735 16226 824 543
881373 21750 449 105
614546 77091 653 779
845755 15700 427 292
211888 88545 51 473
80932 96831 629 169
681081 80815 608 39
400160 14038 280 614
912767 49932 845 967
811236 35949 797 85
900149 84814 821 58
378289 93642 785 570
450748 17242 157 773
997516 8930 431 307
324479 27560 300 791
719623 62784 667 630
365678 23459 754 937
572815 25982 139 589
262307 44487 178 796
75104 51786 342 244
988854 9505 625 614
70778 13794 910 121
772516 71634 118 933
293304 46167 631 491
230044 74700 674 225
775925 49549 807 956
934126 26866 487 286
160647 39769 62 183
897436 15964 19 855
689776 74881 773 921
236014 97712 220 428
866008 21919 409 635
590784 85673 474 508
477591 57534 638 686
377045 21332 817 907
345850 69179 917 741
337428 23726 214 293
875814 39428 800 582
303724 91014 447 744
721497 44732 947 985
456198 29889 526 110
651755 22229 3 487
775830 51120 460 824
206435 97651 616 651
929616 77595 407 371
39363 9295 908 204
546379 7641 486 422
139996 45298 850 632
732670 29909 649 970
150347 15189 962 994
853634 36106 651 8
932565 85479 81 485
102327 93095 498 102
654752 30470 131 111
533736 79724 259 250
726908 32644 435 910
899291 99659 288 732
526513 82211 175 805
970452 22951 171 80
375546 64665 30 960
787431 12567 930 721
37347 52493 803 611
708853 42499 771 687
316465 49015 105 846
234150 15174 927 241
201218 86179 862 827
727161 13738 576 883
502884 13198 354 830
612359 91438 500 833
38527 24775 54 972
119841 30787 305 529
635600 98991 80 364
444552 33610 457 917
195498 59609 299 520
222920 80215 125 174
557893 76362 9 668
551444 5553 196 881
361650 26361 458 694
45857 13743 826 301
209250 63855 964 572
478392 26235 419 779
502595 30728 363 936
559194 89106 639 988
701644 24080 303 303
814293 41506 837 534
462289 85415 755 53
443574 13483 514 535
951878 39261 497 738
442968 76030 432 520
618231 71829 536 535
34104 448 106 586
877984 40837 336 601
489449 6151 452 676
143985 30260 955 589
769382 16699 613 242
370931 43675 203 2
371943 3734 38 407
229273 21156 688 433
768422 91460 105 204
605382 686 193 511
721616 70051 804 310
182262 48390 535 810
696075 82724 526 811
715513 15534 519 591
210749 13223 894 181
60538 30841 14 850
725890 37090 281 957
436359 58476 988 502
199656 66587 602 440
459154 91487 764 656
723773 28233 114 557
514996 46586 632 903
316640 94262 335 709
805979 17304 918 159
387167 83391 262 89
528726 58886 319 256
289153 68402 210 551
14995 57604 4 363
500320 77582 68 237
173845 5826 226 549
547679 28230 275 60
255018 55940 597 258
744133 10270 939 909
254919 12606 861 659
216754 74220 560 895
832729 52057 917 791
702416 71543 881 918
919383 99627 809 566
199889 71355 423 741
614264 96514 205 368
503279 70723 661 757
849145 90330 426 850
158067 89357 879 675
391474 72641 282 208
700234 74377 613 573
324261 38810 241 292
903327 55386 606 765
320870 4598 140 261
979989 52146 599 972
240612 49308 467 216
821849 98362 844 800
26608 44641 904 187
5270 39303 195 918
144889 72720 734 708
70321 80229 990 7
236279 89124 196 925
831395 16016 806 63
443084 61352 330 403
271235 49589 658 769
985114 27325 417 546
279171 8790 464 380
808546 84980 109 682
858141 44162 816 24
702109 76111 547 949
887615 23168 854 873
427010 75300 77 437
463274 30021 870 946
287441 37529 306 170
940800 34872 912 851
179463 19752 632 898
313322 98709 987 236
494924 99324 484 519
895583 6630 515 895
251476 46322 342 972
358995 2955 452 801
469626 28377 472 815
445276 70771 110 736
344100 51442 5 880
882422 39200 105 974
791149 86159 740 848
916744 97351 784 692
123245 30519 651 547
825780 54189 856 639
872935 85088 174 494
605762 778 911 783
415866 90580 519 641
696940 89193 175 122
808867 47884 389 973
378355 77350 426 597
86114 17431 535 78
739773 99182 813 555
406259 8628 8 145
624216 19426 727 339
729554 78418 234 239
632160 67731 64 469
607763 94039 941 808
519143 38599 620 333
933343 93238 807 296
992093 64114 40 271
485535 49143 482 590
164886 87293 121 208
536713 34066 163 263
732663 3299 393 451
528946 53075 990 342
488565 69326 539 673
861920 5399 581 319
139081 99006 628 551
260918 31021 344 767
988790 17857 946 339
572234 26806 172 757
411757 96028 878 87
755922 51749 62 436
729437 44160 507 444
682901 94464 806 854
771354 93653 470 808
131978 73020 383 146
408415 22738 678 648
714382 50020 363 886
425080 8354 522 606
589441 47921 496 52
569660 27232 256 387
144067 78259 191 17
304892 43867 298 861
513653 34598 625 641
599916 73522 648 322
553020 34749 586 340
210620 24057 971 963
769500 91291 280 804
986311 60882 765 66
697672 99476 579 140
490431 87828 291 659
334720 77456 196 130
735530 54695 237 726
310805 50408 607 133
484407 82917 170 107
548219 19303 635 815
319331 50971 382 460
639496 78473 190 355
900891 9093 302 558
453526 31262 147 639
639985 65844 200 319
894565 61480 405 75
54625 34699 326 729
328365 64632 891 64
972589 88733 993 781
915501 78516 660 834
285105 93361 55 337
139740 78356 722 134
563638 14974 959 290
781137 4064 65 164
224394 1454 977 706
15761 16083 606 293
27527 34654 704 618
521788 59898 369 845
455095 50012 497 296
510356 8053 5 105
998096 61096 371 850
922403 69365 509 74
598468 28339 15 657
418836 21884 895 976
547689 22530 104 487
424149 97439 442 888
2632 56587 593 384
624223 89927 113 686
386060 33462 587 724
114280 5131 415 27
589608 6268 422 99
436059 97334 890 439
610839 92843 460 879
144931 66727 89 703
549358 98848 859 997
864331 16684 248 456
59168 47244 801 227
199916 9573 81 873
847374 99439 640 643
253517 76743 603 701
550447 79039 249 14
387986 97526 52 414
715183 53922 394 274
163611 49672 712 363
70059 12206 610 484
995818 75945 721 866
349583 15760 489 142
256384 49585 134 742
35773 6753 739 330
182945 44975 310 81
916244 48882 251 900
407504 33985 588 506
548422 57953 330 419
385699 45945 114 96
490196 94721 87 63
98514 93785 231 445
324320 29590 381 132
771064 77015 315 964
29648 80662 650 862
198534 65241 104 923
655276 32040 276 939
544781 95546 328 633
718861 5480 820 683
930444 58627 435 88
204884 26913 132 826
454896 79602 719 916
35770 78705 346 69
242157 76918 192 473
690737 32904 701 768
590773 82479 696 384
287885 96968 740 582
637513 28434 333 786
297967 38182 652 936
560052 45443 511 299
156834 76103 568 108
724113 46649 720 656
800015 82947 112 487
180330 26142 20 177
921384 58213 492 771
902895 52236 993 727
46795 61193 8 306
953271 98768 885 390
306546 94556 624 624
790545 21193 517 956
277388 83615 714 388
50691 45385 338 583
776829 61508 768 886
873244 21491 971 899
362197 1327 853 378
228071 65243 103 897
73019 34037 781 948
316136 27657 417 577
986923 47104 175 354
99282 32501 388 888
106787 52264 244 845
871749 30156 327 714
180084 68347 287 303
372739 34537 560 961
494253 61813 60 773
552506 39868 162 355
455156 93704 106 813
705015 17798 976 95
361069 38069 803 969
306316 99162 625 240
561799 26097 529 243
142876 46014 140 736
922392 4289 240 246
916621 58055 611 6
43531 71069 745 107
920532 35776 761 560
26048 87952 186 824
884143 99587 998 401
262553 4213 536 442
842287 19901 655 587
162038 56443 247 460
585465 82030 48 606
163304 77474 821 757
573165 81894 644 239
719402 67324 813 742
651430 74825 488 657
768746 30028 407 681
363933 11595 46 31
215862 45033 451 547
971236 97684 325 999
236682 39707 397 513
866334 89181 99 448
725520 83133 199 830
5983 28753 701 948
358865 57081 628 483
268719 7660 427 934
748751 5614 424 981
817789 53215 335 253
181946 40237 771 643
74647 44489 884 535
156838 95511 549 85
608958 58175 544 6
670269 28288 633 421
309858 52516 196 950
159252 49807 187 89
140608 68785 856 932
533815 39259 524 886
295468 40942 153 416
111335 25167 770 334
639977 24214 869 395
141558 70310 250 579
254049 25623 924 833
443572 79087 904 457
417534 34031 366 712
680275 58601 579 887
256655 37328 544 135
863453 59975 835 990
988411 47868 801 919
145814 73518 316 888
185245 85832 534 421
592854 23410 907 498
623004 24541 292 869
808652 42268 581 114
440284 19090 428 824
236188 24614 860 520
343521 60851 182 646
888442 17628 147 849
327744 19069 641 252
338514 38940 983 271
846563 36990 934 871
190669 17206 518 257
299543 68153 426 983
377099 47501 65 785
665267 98848 434 709
32867 84820 891 769
536853 98456 678 612
430867 34386 585 860
495378 43256 648 675
509730 43293 137 179
273105 50697 924 736
159989 9026 325 853
516980 82758 695 70
498353 83931 159 868
901374 33309 498 640
636295 40086 652 311
414531 99661 582 179
823685 81781 427 978
966679 11877 543 423
657003 38024 493 159
408190 91403 139 662
207656 13076 652 72
865679 97874 410 731
489713 34639 709 649
998808 55073 973 444
569834 69312 536 18
95024 6739 920 392
51398 85763 900 611
406834 7761 585 601
747806 16995 821 662
908101 30681 673 11
580585 36286 224 992
592262 16026 48 714
908908 26756 827 912
443169 54421 306 775
324233 2904 855 390
687608 38429 918 660
647231 62701 824 869
405403 48247 499 275
149722 66313 537 328
990795 43387 898 850
778285 8197 825 568
439566 79504 785 297
715228 8426 450 636
534700 88371 692 521
10499 15508 694 366
498075 13040 748 822
293638 75315 867 677
898983 6055 793 806
98688 82853 310 549
933964 91112 249 232
957542 75997 9 720
169675 63607 193 349
769413 96895 278 712
586208 62952 480 946
368692 59712 666 337
489943 66211 272 748
505116 59050 653 91
624220 51040 750 49
953224 83381 775 334
996732 74476 87 733
810211 73551 82 396
826189 98818 315 882
595281 10325 812 107
400940 37939 276 334
268252 22871 771 895
317325 95998 741 849
74582 42807 608 347
784112 17783 716 995
198627 17578 831 369
405975 15203 538 138
713826 31061 11 637
387519 95642 647 697
777117 53456 260 53
283863 97924 80 18
906223 78022 738 11
633390 46940 203 773
281060 75859 888 641
117701 3695 359 398
25799 38724 716 59
302396 21245 247 354
212186 2042 795 808
483688 45719 189 617
650008 35142 871 569
32907 48031 272 773
883599 30702 730 360
301351 54186 872 266
968051 4006 10 810
288372 82945 214 340
261257 31288 957 973
181541 32346 783 403
563184 18172 252 290
69591 7651 168 801
942652 84127 457 803
122759 41240 680 66
405677 4416 578 605
814494 72871 546 690
914790 1998 893 599
211377 63347 570 338
911433 96683 188 713
243413 21262 701 92
85438 33419 832 110
185695 26684 699 538
532191 67445 720 81
963247 7126 582 794
562979 69184 537 419
556635 50596 250 564
955090 3575 468 619
588235 38594 813 137
382586 90453 309 364
478266 63643 398 590
117727 27561 95 882
412996 68369 991 30
987316 11059 419 188
357214 16786 460 515
598280 3108 952 747
654798 53347 75 414
791587 21218 153 473
579399 441 443 58
253548 55201 92 299
856456 29019 535 156
61373 98186 631 799
565400 14081 738 429
404732 32663 347 870
466595 97239 131 542
920354 80052 451 802
384648 53242 608 298
926092 50527 699 233
447906 15129 172 695
123579 11913 738 999
806492 71733 498 996
943000 67603 458 335
374884 74560 601 756
444648 33265 37 899
907081 76673 319 10
50320 43786 55 831
352938 50863 280 834
392721 74037 648 417
999379 23281 239 590
350366 25276 377 371
146095 2980 457 462
401097 75580 587 679
708483 21428 358 782
517609 7587 269 209
178955 45536 633 851
425935 3728 861 769
552322 48250 485 398
226159 21047 147 622
762862 31333 975 39
60089 1370 475 891
850154 6197 536 106
554927 59440 505 909
63687 10322 794 813
952420 3937 548 442
429687 75188 432 127
965740 71014 909 683
235460 57991 456 139
118755 72493 71 794
474008 9289 482 42
61570 96340 222 724
162974 99271 199 164
972143 78825 842 80
867869 31907 668 975
90911 8400 979 870
682369 62704 759 941
214322 37148 339 641
977275 25523 222 482
368188 99475 617 813
796555 65540 77 404
267274 91374 418 840
184682 9898 494 697
724501 46614 704 44
976733 89954 424 83
980071 12616 61 683
188002 26457 986 359
454845 5585 990 633
993131 90988 806 537
363600 55795 585 998
570943 88527 776 465
653846 76126 257 313
550954 92962 551 600
14148 55510 695 909
245159 16701 336 971
554393 97491 16 983
100929 98277 488 207
682675 70108 259 173
716501 44468 352 418
242477 20587 145 736
952178 82036 856 8
20490 92139 821 250
479544 79108 526 499
696374 12220 116 473
945549 34449 525 825
736449 30701 964 665
47980 797 665 538
189695 12289 774 317
333914 31676 895 583
196096 70954 445 703
925282 66993 831 580
154730 53841 853 731
497793 6197 771 869
994137 58123 143 648
319467 28624 487 436
545835 45124 313 646
846551 8381 817 777
382922 26072 296 848
313643 32394 567 120
391548 50932 137 698
496298 52021 165 518
384060 17433 960 523
703895 57551 638 356
56937 8505 217 764
927002 26397 928 298
392116 11928 117 111
363940 3249 683 532
386104 91723 857 881
728148 31477 808 873
356728 84380 821 497
829887 18560 955 742
283604 37155 264 806
450246 71326 738 510
166877 32654 230 379
853249 12971 973 205
311956 1977 36 709
190265 38744 358 216
64394 8022 560 787
763800 48549 920 310
12259 7270 27 37
335510 53572 810 257
562161 58942 448 510
131203 11644 227 277
339822 31363 236 898
834820 94915 629 280
694359 66349 62 96
529711 58114 363 504
107089 95719 334 488
532824 78709 260 359
518490 55981 327 500
339629 47848 752 178
677512 19052 950 267
380389 50138 151 485
918735 71172 306 25
426615 79229 335 696
913902 89385 388 576
834737 80371 549 13
371138 84413 582 35
77231 79282 424 998
587653 84152 254 460
559141 99073 938 179
905461 62240 81 573
31569 78040 776 714
734148 72016 946 916
179404 22915 559 493
331400 75893 434 604
287633 74143 767 631
456953 93483 615 931
948281 55259 513 926
964293 54404 127 221
926040 74616 770 578
332376 63105 555 990
371319 62825 496 836
436239 48950 182 853
666470 72115 905 800
547268 37834 550 361
237503 87854 896 370
420525 23060 999 456
589692 35361 402 748
550846 14142 36 130
478939 49065 658 638
522025 3238 584 546
106821 3410 955 204
464711 5688 318 60
191717 33628 100 740
827698 40756 366 880
535900 17655 682 396
439064 77037 729 781
501439 65830 515 127
518641 15720 401 110
811718 18368 175 449
792051 76121 652 552
901783 24170 223 630
185532 53961 560 49
651688 38109 488 430
379491 95314 38 170
8864 77766 582 948
989694 17120 352 398
518969 56864 267 138
846666 14833 44 24
804506 70107 231 669
904353 60054 80 208
260883 27640 919 895
913175 67471 798 46
51414 37707 192 383
437580 4914 631 429
541575 95575 130 274
231284 36517 769 625
953652 58645 455 518
589740 8127 947 905
354718 8268 723 473
932036 65834 773 285
745621 29594 251 718
743667 1987 427 352
401454 53289 360 735
917770 35768 248 726
97223 10010 891 99
388167 1896 597 47
101131 42269 568 961
608096 94854 737 618
796659 4726 117 315
2813 68182 535 330
427261 21242 377 140
160711 39054 13 332
524250 81807 223 522
523363 71702 385 430
447527 66575 658 11
726358 23144 28 122
438051 89669 640 667
937525 24816 737 0
538014 53389 713 981
907046 3212 12 343
125339 79448 879 117
245667 19692 636 580
76223 19653 141 676
643612 34835 291 232
826013 52905 738 755
224937 15731 626 909
583311 81703 693 278
146479 87829 592 481
852246 24 632 633
638612 34094 890 538
453362 35396 342 278
317418 40203 857 760
184674 8551 22 597
366433 81317 489 766
684372 40460 440 178
91461 6861 157 969
724702 64021 172 491
393983 71009 46 438
675018 45840 656 383
812995 5620 379 607
516958 31650 416 247
988596 67178 232 727
872144 15552 405 863
927440 72376 689 449
939760 15057 417 133
222121 80136 525 964
888257 83597 511 905
472791 42770 333 897
29331 57696 189 435
242282 14948 236 899
22750 21031 930 800
281678 81051 526 885
861906 56529 714 557
415700 76007 99 535
620391 95006 343 857
8471 66250 714 385
159204 44675 743 663
522054 20473 80 718
127005 49732 379 545
447346 11033 129 138
671173 39928 203 174
48738 36802 443 204
127697 53001 340 124
218570 61375 439 532
316213 21232 812 422
394705 88588 89 245
486754 65596 898 302
141178 47094 157 324
929037 24652 600 963
625599 17854 642 750
96825 95152 794 148
813570 20374 624 733
633646 60875 127 787
774157 42689 203 500
97294 41139 924 787
534910 28727 951 910
209804 20303 22 794
142704 56254 315 306
402662 12375 574 543
644646 70545 880 385
63252 44184 660 684
342461 10781 145 606
30621 141 86 36
449765 63007 851 668
834785 18726 287 142
896762 26630 331 476
292895 13764 963 440
669335 72694 956 404
369197 47066 287 108
698650 49955 104 512
412251 5485 611 869
713740 91218 380 588
894463 75829 857 34
816691 69787 790 278
481031 25721 453 226
765368 78825 504 817
57899 82422 668 838
716708 32887 284 685
620862 54105 543 299
718930 56724 527 287
76938 64895 7 228
23557 37920 664 239
814112 81692 72 843
799926 7276 671 516
200 20 20 10
