1000
6032.20309093 4396.3047744
8131.07964229 9014.79504927
933.243420088 9963.16430453
6088.86474103 3882.86360916
2517.14661581 3473.9840917
2360.29313007 9998.94977756
4478.11576267 8097.44181224
5365.56519703 1038.02890566
4238.74104316 6546.62980256
908.003832123 8866.82409599
6484.01473346 9169.09481432
2948.11152972 5860.30908983
3760.12258593 9363.92300111
3038.36975603 1151.63438086
4945.89926795 5252.29813736
1330.21495575 7581.19980658
8006.48091123 1983.9116354
5448.00167661 1668.73213701
652.400392959 3029.51053442
6506.20318851 8385.06238231
1003.80089423 8217.40488146
9160.48866898 9568.62315574
5301.50647543 9182.07818299
1498.6769832 4535.85439934
5652.14282944 9043.05217669
6253.09234592 2784.03060231
6600.99039092 8008.67284686
188.731395156 7897.8827588
7333.60043515 8014.61630438
9509.04416195 9809.59339056
4678.18498693 7897.3929178
6633.17637646 2101.64909301
5121.69156671 7618.07849206
8437.08009057 1712.72345826
4410.72360502 513.252565187
5788.08287595 7568.48384982
6038.09428444 7511.70578356
2699.34919962 4121.89248884
1940.94621172 3175.56559907
1890.59615407 5684.82443205
8094.85628548 2561.1259961
6595.41509872 355.075143776
1558.28725377 3241.52962705
9188.46441255 252.001887903
4597.90984751 2725.21668027
893.396777062 5026.92596392
2819.17387975 6879.26973767
5081.13226296 6692.76275521
1500.19091784 997.967293518
9670.82149795 3794.91904904
9904.19818622 1795.37564051
4837.17645115 8186.38648374
2731.51871416 9032.46647143
7366.11983544 5130.3034811
6614.25243341 462.941043973
5917.85812278 5211.11026729
901.186356838 6258.08650224
8455.76748174 3935.68649578
6166.779734 6427.88636713
595.597949606 3356.4533733
7179.92428562 407.854301355
3714.48427022 6030.63749558
9299.86949951 745.995257402
8591.59635715 4697.7784842
3270.1128008 183.284736925
5471.91596277 1699.97311961
1254.72780028 7444.50777183
3291.80209166 4213.06873895
2590.58162573 8523.41483485
6658.96646863 9884.85104452
485.223994612 559.899005777
8125.7514032 4534.3232485
1758.05272259 3549.18941087
4289.15254109 6446.64961524
486.850193102 8311.47075731
4115.41472687 7830.2310316
3175.37316324 3297.48265016
1383.19460122 8908.87327689
1350.75323943 3425.65075469
6587.52961281 657.464224927
7252.73804916 3354.77122604
6267.38316719 1868.98545299
4590.14387715 6580.22762824
1681.73057894 5946.3982716
4537.32198848 595.601639549
7490.0865724 3186.80174181
4057.91086195 4954.84676335
3457.48092736 8688.51257996
9259.37202429 8180.97108234
8502.82873113 3371.27234161
1747.15263216 2192.55960955
1146.49908159 5378.90030848
3140.08594559 324.778107554
8604.31057836 2551.70141547
4580.21653445 1537.68441535
828.714470359 4507.76035648
498.203432264 3275.91408452
2599.00815587 5806.15179641
5962.61106512 5776.72802664
5288.38200597 603.574904526
5456.46595242 5213.28432834
3252.72136202 1407.07486297
9242.35303454 7094.40938231
3009.0580417 1060.82433618
8415.15249329 1302.22577411
5316.22853568 6877.46947463
6883.9184708 911.03129938
2194.68629634 5649.50320287
6654.244101 8981.40852193
9898.89505809 1024.31669435
6423.12553837 1965.24554959
9452.96389921 3691.60149773
1552.00081057 9371.34005437
7624.13941339 684.44161378
4990.62009741 4843.75067121
2062.35064732 7895.5629516
9726.99042486 1901.79714016
6925.86678417 9987.05246588
313.922637443 4400.4914431
104.041559594 3221.09702412
2472.17442276 7339.45798078
1734.78297407 6015.44653169
940.218967069 6708.55255401
5492.91830429 2464.43486248
721.252636668 1545.97494748
9446.92670446 4142.74437825
6369.23063803 850.540812626
6063.15043292 1968.36019811
1858.75452567 8819.77310012
9305.79760482 5291.2877889
7059.23429809 9090.39772408
2855.59863316 3370.06456894
774.586280766 5853.69073361
8212.74126067 2845.65274784
1.87308479967 6851.78837327
7185.20209025 1790.83531134
6649.48243123 3831.56570815
8820.62547676 6477.11903355
2.5442657851 2729.22043942
2271.12329762 6776.25278066
9479.22975226 1905.84128484
5070.73694526 9910.81214047
8849.40120893 3173.34506512
5335.9920295 6040.56438548
3014.17880444 4634.49514653
5472.98932736 6533.85331943
9207.85516084 6492.77590387
9442.88132955 4111.42641637
2264.95384561 5291.91036812
3043.15524301 1382.77881679
7163.2036304 9495.36945244
2907.51597654 1446.13124541
1519.12215088 3551.72163559
6833.05816489 4107.67745296
798.841838687 400.475862892
7290.82421178 3014.84859702
4008.58246514 941.994729781
5566.46771627 5484.23561288
7792.12953027 8326.58098924
5503.4789237 7591.42117877
6350.60305565 5425.34463223
2159.49882006 2486.71058709
3006.61490869 8428.9608223
5101.42613825 7433.39683968
3013.63067061 2630.65046505
5398.09978154 951.400595242
8920.1351432 3805.16007997
9508.16969225 5188.98838147
7431.84471433 7149.63195743
3547.1066622 3544.08706226
3500.36007158 6905.29918199
2678.9468826 6593.94234603
9.21550478752 6913.13926001
2753.43734914 8725.77639238
773.697285166 2410.06246318
254.713297504 8695.65658674
4646.57314119 5967.43463787
3358.52493403 4907.0518466
2279.53935597 8614.91769887
2174.4069907 4601.1386124
9523.7711801 7508.1894468
6119.47294217 2018.50577715
5250.82263846 1519.5681028
3353.67516704 4039.39035212
7841.99183188 1329.37577943
2677.76225236 3082.72176321
7097.12881484 7420.75985989
6425.77524155 8629.52798204
9552.63484865 2422.23191145
1759.83532062 922.497376403
9804.23927032 3647.23609543
8678.12346094 1842.06350985
1262.11671312 7983.29029514
4691.88328223 9107.64899784
9750.44506932 6971.95241086
514.603748809 6917.03713783
1486.93264928 1530.53939114
927.833906037 8723.08390988
2340.12893796 3137.90400521
365.472205553 7373.23586934
2053.60174007 5664.90334242
660.488388216 5187.52489271
4431.02719465 5291.39677629
1748.5245253 4031.2075694
9308.08805499 1560.44868661
2807.43670928 4042.3857246
4861.57744819 1587.99974633
1421.53047966 1111.46796537
5183.55845924 4043.07798585
5072.80907432 5939.76005035
6029.53532671 3584.86547125
1514.66054524 9857.21350011
4424.96700682 4597.00353937
1670.5055367 7683.40377121
1668.09093913 6438.16442285
5914.73351383 6444.13276551
1440.7864508 1038.21863905
1055.35403311 8263.50513647
3587.49572383 7012.7610766
3558.40816174 8654.12569235
293.646197938 4670.75373191
7386.42877854 8460.24770418
8273.63213407 6669.07475284
8486.26036046 2165.59581472
3235.74631197 7273.79816242
3558.75270291 4738.78162643
8723.41806165 7045.802749
2389.94466987 7996.16831273
1153.71918853 1823.0702417
2938.52720514 5227.5845847
677.904602641 772.368975672
9929.95433632 2107.26061929
7950.0650515 9507.18243413
4151.19756663 1645.28025245
343.185797437 7832.10703758
6569.08030989 293.842831471
9268.05987616 6497.69955397
1845.6685411 1045.81887823
8549.78917487 2339.45258789
1343.18952122 89.9295523273
7118.05552416 4585.0836602
1295.79836606 8281.74221784
4106.03063084 1953.53397804
4230.82369318 7029.47363548
6814.00563226 4261.754399
8612.26900393 6788.77909526
924.338058224 8757.30192709
5162.80863175 1879.35210405
3679.28739784 4338.48592936
1172.54780976 2218.86374962
6724.23949091 5630.45974036
9334.06192012 1714.74117101
2223.55715368 8755.62930687
7947.5120436 6681.1295053
8221.74965646 4119.99263341
6529.4682736 6592.93371144
3225.78407256 4142.37585253
653.277655416 9202.9535449
4956.13955809 5472.66825804
7053.870567 5767.13954854
6163.83171081 4783.29693368
3216.36439264 1014.35675508
3329.74839002 1055.91647023
5007.95242391 5129.41167209
1543.71874203 1548.14591073
8356.62719708 3363.25605491
4635.3990788 3686.61313127
8882.86405347 9474.05931116
9547.31347815 116.54681156
7436.62241958 450.486439567
8287.54991384 5737.13712952
2867.67485364 3085.27784458
712.024438921 7296.44835252
46.9518700553 3854.08842345
4459.40171419 7081.34632541
6802.78653597 6955.06099138
694.797545285 5354.56057627
1688.16502488 7604.14113547
5924.58446446 2300.07539218
4491.45878768 4590.24951906
3169.83562982 1469.68226808
7567.92686417 7784.62113808
7765.72614176 5248.11908048
976.833809376 4671.64008028
5152.89971486 9696.73033753
9303.55227192 5713.66130469
6481.23888372 6354.32429077
8369.19323345 612.649650419
2486.34793459 5797.62264444
7142.43158241 9792.11607431
9537.94167741 4019.19837992
6623.15809253 2983.31231551
8024.39299969 9295.37705355
3900.99117962 4811.33601101
6477.96112582 1899.61485478
127.902811536 5720.28043269
766.423425657 4659.92258775
5561.09927529 8047.75749223
2753.1483079 1920.23706576
8337.47917302 229.212532584
3809.63892569 1575.97311645
2266.58963152 6306.21605973
3937.10281408 2639.45274271
2333.13155535 850.24589477
9825.86781622 3708.04394956
1394.74274771 813.302800359
3967.24631598 7548.37649395
4314.15214825 8099.6452038
5834.90656791 4721.77907095
2129.64465854 8159.72757601
4659.33095283 4261.84844621
9815.07666747 5939.91212503
9000.85947431 2077.14474408
8743.5437651 1360.76866404
1414.5715557 5719.41961264
1626.11849745 2715.362112
8206.1645283 8271.54053671
7690.43032035 7760.73497374
3318.38595829 4121.12151298
4631.77158641 7837.96859386
8791.24557703 7169.67840052
3610.6784147 7927.36344561
7156.32008648 3938.59387875
4155.83795993 3997.1954606
1781.32763494 5636.52063696
5133.87687029 2291.43820994
1514.352465 7478.92081507
9671.00619783 9566.57192114
9714.92904936 7165.07678104
3394.56740496 3652.03514111
5118.13356168 5989.437471
786.753934922 1441.56192505
5767.85580648 2315.27964411
7410.02554752 1274.80809088
9914.56877272 4839.20427415
7462.63094652 3119.32658914
5522.85800915 314.206260719
1608.27487193 5955.87974908
4882.14442446 5752.71116302
8228.69548006 4063.60446102
8288.98933167 9104.04278443
3387.34745855 4199.05423444
8639.15000602 3382.87341707
7478.85856705 8642.9796698
5324.80054088 4306.29919219
4679.27600704 2908.69235998
1393.06033324 3222.41098479
7268.68144801 8741.60328957
5844.31782876 8347.18063631
5475.01315619 3616.12067963
1721.13436002 4181.74962033
1355.87923988 2390.90061369
7867.32697052 8874.57807447
1959.57712521 7560.83049571
2804.67132932 7107.41886905
5245.45112395 6676.79800085
5869.39225981 444.491024435
7529.07351815 180.758058016
9688.007672 1785.17510254
6364.09953756 936.902280429
4900.85354844 1530.79133653
6850.04457491 9599.17544633
9411.93644439 506.875848073
4387.48523533 4132.00727532
533.743828362 7812.90008853
8176.29923008 7755.83635714
5016.86478901 7365.9970096
4006.44981147 7902.7222907
8569.57532993 6994.16715728
4610.62392737 8422.64655088
8070.28524216 572.209497351
9920.73072139 1585.39325382
8912.93314337 9863.5699859
3670.98165699 1711.54232651
6408.46478215 5838.59352497
9446.26740393 5478.99933628
4587.64981989 7650.97062692
7390.32114821 6055.97808199
780.089590094 1722.57312264
462.353520777 2598.79700754
6762.84021279 3275.99919411
4903.38023742 6973.10449358
2503.01626416 2819.62987795
7530.96323753 1947.29060996
2422.54997348 3471.15456819
9457.34144603 5434.58198458
92.3365310926 220.985802873
1159.92979045 1933.92860692
6043.59981769 274.076121869
6563.97789646 6066.30246499
9246.61783062 6487.76256375
1668.94968452 8240.95537434
6593.85953146 7510.74192597
993.017255912 8969.32178494
2470.28271584 6281.26558661
428.809624051 8087.70737738
3457.33588727 8446.27359157
9447.80968854 9732.19364631
4151.92409113 3620.42424051
8796.21430363 6932.7122248
904.881004879 7525.63504308
3684.07809996 5836.89316704
7001.01328598 3702.73045358
4815.67213446 9695.88001096
5205.95857218 7503.82492824
6668.4721841 1112.09487002
5312.75736571 3347.60319986
404.329546551 9031.73774704
4572.49821557 2729.76848013
2868.43334559 1246.33218696
4503.45665856 4053.60598893
3459.14727456 692.601600105
7190.77618955 5716.82064307
9960.15306248 3457.17133411
549.234287962 8972.27524592
9656.85601485 8781.37953652
8784.75837925 3159.66548263
6694.53002403 4871.1604137
7950.07358135 6466.36132256
731.878212568 5130.39229147
5801.956419 6719.05945579
8026.79399754 9606.29677218
3469.38552288 1508.28710747
1727.89232238 9809.84181608
9175.92812459 6562.30403913
7251.66249221 6513.66350523
8286.01175384 1705.05100462
1642.85848487 4648.49672614
7724.40905605 6639.06804348
5397.72583148 1114.93350376
1361.00619168 1214.45555342
7706.36878061 8534.63455198
6993.82634936 315.64581114
2824.24255348 3277.75683225
2306.33675431 4826.4680025
4648.18113813 5449.67764657
801.295005244 8785.4431057
98.947427481 8305.65714221
6824.34476525 6890.44377275
2784.38759205 5165.96549142
2398.1721614 4153.29937137
9359.18137452 853.21828576
1157.88551721 5075.15017729
2230.85820359 3180.55304199
8263.86356625 3936.35747474
7755.63396832 5192.18108072
2460.18232836 8101.11887164
8112.33247537 1374.57701157
5419.3852077 3428.55125389
8585.77018051 6966.2315055
8279.73053096 7599.6195017
9809.68722863 4184.95579277
5896.85947889 5369.79239791
6766.4363779 9120.4024489
4516.99665485 81.8538973945
1091.94730981 9047.12082847
9843.19877748 6469.89436647
759.258066597 2837.31332911
5150.90710885 6878.97731008
8584.35477291 228.762221659
7533.65970382 1406.36525677
4168.18592984 4635.17911004
8205.25586247 3053.48539158
6093.80975059 6829.20639619
9907.34556153 2780.02518605
2167.41126625 1744.26049067
3726.52983283 8299.24311061
4589.96404479 1847.57899144
292.293197174 9911.85745105
3625.08876091 2720.64128171
5267.17654904 4427.26567137
9753.75255709 2163.23536135
9528.74618499 1541.02207038
3576.95662883 525.842094917
5615.70559522 9222.69627046
3766.82134803 3618.4506768
9193.1805811 3718.24280921
4438.17384122 4183.12268697
2815.00271767 5192.68439928
8577.61859343 1051.3285478
8803.4041864 6676.75316676
97.3948498068 2010.38999006
3047.28227323 1091.50573726
4915.01564243 1136.64433338
1535.05491377 1082.65264771
3232.43069454 321.816563595
4005.22939592 5409.93669682
404.001070361 4558.46122616
863.222910441 2151.98259022
5335.59381816 8852.95556755
1405.74178872 9980.84826676
5505.81190074 8829.21900822
6742.07550822 4773.13062174
4985.64247722 4776.14436984
3126.20721863 2606.87411926
5547.82957472 5066.90869222
9629.41492004 8666.20038051
4796.43794178 969.629011697
8453.98565259 9089.74691019
8561.34153104 4010.16173659
8826.0467648 1445.18266987
5738.39898054 8110.55545756
9125.40328749 5987.32439667
1712.25514014 8024.31641123
5939.1718527 2267.73030134
2135.19568623 5413.42689386
1026.30716498 6537.17201496
6534.15920363 3251.5718471
6606.71494779 2014.00837438
1546.26749715 6678.09489274
5137.83170292 8091.08376763
8113.39224602 6004.93238818
1197.46892272 1901.48124299
3555.48498772 5977.3641827
9345.388057 4611.31074261
9902.66355165 5285.1136159
230.651585624 4665.7713017
4422.7322219 6237.64011428
5590.22720699 3746.46190757
7783.93045913 5122.0329568
9982.99378128 3700.30540689
518.020068392 9459.03754567
861.35182555 1727.34511999
3749.99838644 3300.7237447
9150.56728492 1013.7839673
8032.79961923 9652.19941718
8021.0621068 2309.50401646
9081.20328806 5950.67156314
56.9242387455 4741.22961729
9119.76223001 8200.27892341
7601.71947395 5912.90431187
2756.09073545 1856.61103355
1987.22941401 5850.33258062
8831.07852158 6042.77936438
7895.31950754 2826.33352582
3492.26528251 5182.74429718
325.4486856 4798.79317886
2057.13370471 1612.60539666
2722.05879096 2071.57128286
6551.1755475 6865.60277126
1358.83703666 8177.24963362
1086.57403082 9418.88537031
880.446795807 6970.08998344
6590.57427737 1089.17837638
7848.61785682 2243.16730615
5601.17768691 1750.50703276
8695.17925584 6299.14639105
7046.70070861 4876.03836987
9633.98730478 630.295567257
8786.88356607 5289.01795135
6705.37976271 7546.82894784
6168.89132183 648.193645871
8629.58566935 8837.54405032
6350.62587874 8955.8862034
7458.08867572 508.900671091
1635.41855578 6435.98859498
730.454884972 4673.61006152
7170.42842153 8272.15395176
6021.28834867 1437.72768816
7222.2678291 7341.31593828
1510.38071319 2655.30409525
9880.4675248 4031.02455259
6053.05324378 1000.05168676
8612.82972861 2264.30933961
3318.86465408 736.063217049
5080.35905498 8028.74208176
8783.9583451 3147.32562544
1846.82841631 3794.67517793
8794.44767767 1570.12338719
8815.63891541 3313.47722974
5236.19145309 3260.80601099
5358.58579629 692.725677491
2070.3272573 2407.9466198
5902.65935202 7436.5437964
6601.17436478 4424.94692537
9706.14474969 7752.96327833
4044.45217029 9248.81521598
1810.65683793 4660.12433608
4399.61914908 7854.0864986
1867.90195185 8955.62191851
9917.65843348 8959.57959516
116.160600315 4802.17579041
6766.95841605 5543.57596776
7913.39783251 9972.2543091
1475.41854091 6820.8000424
5097.48164764 4209.55652064
6929.219638 2509.23857811
2198.08102763 6429.83439899
15.2395172544 3501.47796344
2970.68527699 9679.86532222
9348.44183025 9580.44158119
4318.72271921 5659.55664185
9908.46868355 2775.79501093
1856.98408144 2102.12841881
6921.74366355 1047.27955572
9435.6134959 4157.24769721
4.4319876977 2616.48328451
8297.82959028 6526.34612306
4322.41724858 4636.05857882
2446.22935305 7020.86086561
12.0883476886 4132.16349216
4192.48604545 7263.2080755
9074.71387097 312.861928921
7013.96077974 751.814057876
8465.80362945 2785.86809134
1090.22164575 7920.98143583
4534.74607988 4573.62213491
967.06073559 3103.29449559
2259.9679937 6196.91409885
4661.08717972 6814.58150196
3972.43468789 9686.27329759
8724.28279312 1009.64584746
1572.78655874 2793.18218817
3250.68737734 5845.90232542
4135.91179181 5731.84205094
8541.48927923 2846.94500532
4819.62362692 3383.26997817
5229.02429498 6335.37647904
377.510343995 5062.38863968
5104.15527057 4056.72787708
2231.07512025 7568.11428059
1303.69211742 2429.64420386
4337.39624351 985.566403914
6824.02055007 8333.45261055
665.269570072 4172.95741394
9825.07063575 3941.6551535
7396.25337945 4581.5006931
648.612626866 4143.86228516
1600.83220326 9549.53659001
2622.99704489 6524.57820968
6858.89669511 2375.77492633
9056.79402917 57.3250015751
201.92105454 7982.48243187
8517.29421537 3092.77457852
7383.62537645 497.360739816
8430.32626671 1374.89190545
9566.92930606 4929.65627561
9291.56242313 2322.99936656
6522.46990736 539.708925469
6506.19247982 6696.39472943
7640.09749933 4744.68461628
1315.2121588 6521.06145647
7189.81113929 9754.57976267
6724.83429831 8741.29909827
3130.28615175 2837.08278193
9453.91620578 84.3615294814
4694.06332518 1019.34799937
6160.05450521 3756.9062941
7365.84799518 3424.92551671
5374.70709186 9050.52844031
7991.56848222 2169.95709952
5190.87513744 5713.78669043
6157.30896005 6423.96525134
9818.97030661 3990.16763436
1123.30541447 9587.83852811
2853.32115783 1350.01781803
6719.40353526 5667.94069127
3328.563808 3869.38980543
8855.51154181 5914.10905038
8901.79138888 298.694264671
8985.03657726 6033.99014128
8718.83657941 7621.55986182
9180.825954 3756.70374801
4006.82533408 6828.60360735
4867.02502742 3336.49697629
7833.98241025 3520.71539927
1262.17421391 6802.84198545
8910.57143095 5165.31735611
5853.20217372 5394.95740554
7997.90991545 8159.32280615
5343.47860936 645.257934098
1269.53327171 7788.73680144
582.402165026 5143.75159068
8895.99481681 4549.09366316
5749.71449048 9263.12961238
5860.89440936 554.583536837
7956.9528911 8789.95066103
5803.17909692 5932.47658884
7075.62998983 9205.63140002
9894.4372352 197.798268982
660.774965092 9988.05795379
4188.45085298 5177.05696636
1558.41169699 2532.2279552
5051.17144194 4795.86064297
90.3238827509 8983.35122324
5050.74948002 1201.35174563
1608.85848483 1003.77848649
2630.58377537 591.758077382
8705.54528169 391.824702188
3662.9305832 5016.13767515
3349.82281013 215.121988704
4719.54426446 9574.12945965
7114.59112669 8281.02033262
3677.34849278 1177.94687574
1060.38411864 1010.83962373
3971.08427274 4824.61878327
8439.57023734 3235.35165175
9497.01889683 5781.8834632
9008.83798214 9012.70699543
8335.81188684 6944.58575258
867.273047924 4232.17297
9342.35997698 3432.33147144
6431.37309596 8770.09349224
3403.87614819 4782.32593376
2932.3331884 7069.27111863
1367.12517606 7450.01449473
395.976241259 5410.69704374
1258.73196535 1603.37381397
9656.6011109 8412.65774966
4364.21029196 5502.5061918
6527.13334588 7955.36921719
6697.02409749 5774.12926905
384.95664845 6009.26478627
2742.03693213 6518.08716822
7127.17873693 2912.02942798
5066.49702844 8109.88852224
2075.01317231 6246.71404504
7162.00586271 8224.52884414
1237.46651579 3314.67643808
9162.82286261 7972.73085466
8797.33677451 3585.2484844
5965.35711366 8837.31608926
860.721666451 3930.25602721
9359.52625504 6175.42461688
4607.9522713 8078.20392116
1092.79071277 8425.41846607
8187.06207765 5864.49395359
3983.06787854 9368.56041173
1847.92608236 3045.61379408
8194.72171183 5232.15719957
1673.26639364 9741.23436482
4080.28002471 5052.00397562
3170.49940023 8020.38031278
8967.23192909 452.339313273
6702.77741804 4265.64272286
3802.31493259 773.447482231
9628.64313416 6380.18042728
1411.95032778 8941.89393505
6902.75180712 83.7847490228
1812.03641995 8994.25431795
6597.57535518 6307.17258782
2588.3673631 4888.37318783
327.783673718 205.78259283
5590.07314216 1119.2565628
8325.27070197 193.710536566
5804.83188292 8958.82353481
6331.45180974 7593.03222045
4637.57010057 7665.71191576
5666.75346873 1699.37504177
7503.88462205 7418.63955114
1070.934982 541.987737321
2505.63120537 5781.4928757
4151.13312453 8939.57586884
1518.4216788 948.19970721
7478.91334668 1448.18072681
7185.96121757 3352.24834027
6887.9712653 5306.3355016
8432.00050046 9096.68453673
3305.24551743 3424.24415746
9883.30523625 1154.0745092
1940.06637165 9420.91424947
4433.00457212 355.948932351
6767.467312 9350.97748116
1747.91210701 6747.76495216
1954.77173118 339.045778719
305.509718593 8582.299673
5607.08310866 5885.28660903
3299.54371978 5002.06090771
7521.93598605 34.1607236682
5501.81534607 7104.33395483
9653.99141391 3593.79380101
5293.73946355 5004.77995751
9554.56860801 8290.70881126
9073.47335801 5088.02694729
7933.81870769 9659.04766973
9333.95815828 2380.5980834
4231.83064273 7046.81554618
6528.87830618 3627.18122247
8735.01251391 3671.39447108
5433.83878241 665.963297054
5941.48199322 7739.14640571
5327.31016685 8571.27169571
1535.78194415 2104.26114388
2935.50882986 5064.15305998
2906.00046304 4237.69566809
5497.10709891 3827.11099779
2132.92740839 6669.58467206
6268.99242401 4473.56922753
8397.77684647 2369.13243701
8954.09995178 8359.97523454
2106.82160898 8804.72903813
5959.45974782 2374.88081954
8075.50638212 5552.92283109
108.834464488 7574.91783993
7653.18013437 1532.85641472
9755.2276933 4093.69984762
8532.1567718 7178.43878208
2015.82689086 3546.11585304
9671.35482564 8799.72736559
9659.6625707 576.947779055
9253.02541826 9825.51257526
9679.71558738 2282.05984585
3175.48502991 1154.41928423
1045.86450408 3142.71685627
5460.77160929 8686.65172738
723.154336399 2205.22378271
7157.96335724 3856.52483148
5544.22581122 3805.7367193
4491.81211586 7353.93142382
7109.30074071 238.901252283
6101.26435959 7517.67445369
124.811141121 6951.7633932
2338.5274157 1126.68997501
5593.92778844 8588.85994104
1368.84242246 6151.25557301
8162.92269632 5041.36496238
3426.4665849 7964.52466068
9632.22728978 6850.14892016
5104.89538332 7564.76903669
3060.28805314 3288.36682612
7968.23228778 3022.12836273
7561.00318856 2722.7375633
9078.63911784 4459.68214439
2439.48694979 5474.74243878
8508.51521394 9095.01865259
8954.01583477 896.414278222
7098.79642633 7918.25009159
4116.47379106 5217.44479654
176.953583909 1251.79755936
4614.3693595 5073.08450721
2227.24235189 1396.17070404
4877.67665558 224.643059877
7970.83211149 8080.99695274
848.542723032 5185.43546089
4866.54009018 5510.62962212
7458.34782181 2171.06820824
283.111667735 945.634197107
6011.42756235 4727.60041414
6600.07137114 5318.28828567
1444.34285523 9387.72563941
3188.24688922 3080.66166521
1795.60878783 1001.92556854
3733.34459394 8969.75162698
2395.33577442 7797.04911571
4408.85671033 7951.11541512
3861.43899293 8864.61757802
6954.8763677 2808.21347325
4798.86427408 5762.50789183
4063.46996159 8780.60559656
6389.18930696 8162.39823141
8491.11724279 7541.97109716
9342.61924623 913.536534388
7760.6803462 2581.97381641
2739.13100258 4485.95158164
5.24379104966 5981.7618248
1916.53496369 4186.67975555
2823.2860328 5045.92168756
346.056716733 8652.13156192
7397.32888754 2259.58009475
2976.72326208 7697.45138462
9222.96059418 7719.80845877
6794.14184015 3498.62076533
6894.27768386 8057.00403327
6836.70961986 9550.66340399
8905.31692132 5527.80915677
9622.20958315 6018.32506887
4564.40243987 8384.26947832
1098.01704419 1397.16798765
1994.15656318 107.54067903
1197.12996917 7606.74100369
3094.04473098 7206.19760449
4143.78429214 4373.48984175
3080.98210586 7298.12642114
3611.3941956 4949.94447736
9212.23698087 8447.58949838
1907.33537719 3179.97615549
9722.13303637 5654.5705889
3715.30328605 9666.06199511
568.490562945 7565.3219223
4816.6951528 6214.80228887
8388.21388349 40.079075433
5039.82782829 5443.10365968
3542.00976761 1314.85354352
2533.25149173 4046.86425752
93.9041140537 148.888335388
9794.05198806 9280.51107338
600.179616212 6654.69014129
2883.44838787 1551.74397088
9539.81241836 8396.76240244
4215.71661562 227.805297567
7797.9893543 8707.56769349
5735.18267427 9140.9101589
4312.66454906 9648.88952173
2951.54960821 5605.54443936
1508.19958972 2486.18590596
5689.18449446 5054.90401113
3485.35385316 7881.9232952
2611.61108117 4934.88859223
5865.00656559 9446.83787498
4832.29649269 8377.46459103
1125.89847329 8908.74853926
3076.28939365 5309.91350709
1432.46391759 5879.5972279
6905.50636593 8387.77672989
5265.19370491 560.596842074
623.770959276 5513.82907506
6473.22582876 1138.53964281
6926.58453736 5946.07742362
3009.43656139 6500.81290987
2419.92067698 161.688931233
5551.96949212 214.855414919
6294.53574935 2858.85097058
8333.71728831 2423.02332536
3288.08665969 5768.58325554
9292.28325927 9346.67270404
7620.4065068 2154.81096245
6931.99090949 5292.41915488
8550.57341057 1072.29338704
875.639927987 7929.43431277
5375.42751927 1170.29826498
7466.23269459 8771.412209
8338.50449741 1774.9723005
6872.8772765 484.068632541
2747.43422397 8865.16171767
959.165809488 883.606351807
9521.2798468 1846.43994651
7109.72750893 177.049830537
4187.9090641 3979.48211662
5298.21398537 6051.4053349
2171.90049656 5586.20948704
2329.94154048 242.240415555
3032.69671737 9283.02897516
4192.20379385 7203.23609878
85.9489095921 5387.48990476
9105.16968334 281.733739557
5184.91123067 8211.23437308
1561.48073748 4689.68485316
6088.42048251 6760.12898215
7659.15319344 7000.1523011
4295.53950928 374.425535847
7567.92708172 7807.44454446
9487.58558576 4322.65527962
4046.84150521 691.267354367
5701.1158527 7806.79110148
6831.08818771 5507.48253095
3429.18492991 3296.36235904
9070.87388851 534.230130009
9792.57528217 5042.01802033
3186.7044817 8670.0576926
9789.22089133 428.357143195
6285.00062007 4438.92096765
3398.7493131 5685.82912423
4591.73442577 200.292079651
8839.13605223 1882.27337574
1376.81731442 8816.06229367
8767.49120185 9120.1531452
4488.195426 6405.2942293
1882.49700322 3558.52880252
5135.64937598 6408.78595117
5916.82044218 4535.31443716
4232.87362567 1265.05799646
2704.41597241 6356.13043115
8900.98842285 5691.50489186
1705.62779149 825.646627913
2196.45513142 2932.93665647
2621.350168 3588.58255313
5749.4314243 2156.22201516
5114.30358415 3811.45982974
1734.86855555 5939.49056024
1615.49724385 7773.60899308
6.7419962354 3042.50629088
7400.23017364 6413.67426281
1260.85319415 4149.34334326
7860.17891729 8958.4396805
2243.20090089 3356.46744083
2462.71442172 378.650219917
886.733823482 1081.05667031
5852.49353739 3738.46315301
7163.78562218 3513.40100629
7145.67609212 542.524355513
933.15410057 6566.09192948
8739.42664097 2258.78959501
1955.02979431 6722.92714485
7674.86744646 8113.65254976
4162.78702261 6711.03899569
6676.42466693 2480.44016422
475.477078716 8952.08388927
2714.85240364 4586.84784013
5811.71876025 5484.25747097
4277.04290412 8710.41915377
2448.3767338 9490.08900796
1438.77502148 4288.58019003
927.627222638 6829.56866126
5167.90025372 3252.95549541
9493.52600473 1125.56379675
9249.85925021 6685.17189234
1606.49685412 4245.38393179
1105.701909 4151.46830921
5054.60886692 6629.93284483
8883.60023617 5029.54461806
100
4
935 675 450 444
16
663 638 914 144 449 812 338 119 961 457 671 817 347 299 0 238
4
710 246 92 35
9
570 367 382 934 849 795 662 953 44
12
994 534 515 725 504 51 245 239 765 765 177 990
5
113 601 543 791 884
12
703 348 84 383 399 411 59 854 554 43 512 918
4
867 736 184 164
13
720 372 414 219 753 587 456 108 118 861 671 932 132
6
343 127 6 528 403 69
14
728 109 106 706 356 445 654 69 738 121 163 160 340 170
4
112 67 394 700
4
216 176 341 964
8
363 458 897 429 724 1 590 147
8
167 973 166 973 4 122 709 699
7
639 102 52 617 790 885 740
13
914 300 581 756 978 448 836 209 153 659 229 427 889
13
244 477 556 916 811 793 429 438 371 100 826 104 125
4
664 804 645 694
12
45 916 831 4 95 85 909 708 313 303 757 211
14
622 898 821 944 316 411 158 386 674 390 55 575 292 920
7
170 452 228 871 922 987 726
15
650 307 945 158 619 571 85 570 8 175 335 798 264 438 945
9
469 299 620 5 464 348 587 162 622
16
30 50 213 225 722 455 248 268 153 581 647 185 429 837 549 620
15
83 539 821 880 205 522 191 550 54 465 518 615 417 38 330
10
467 141 626 859 996 164 918 984 869 806
10
165 855 86 811 724 197 975 204 647 860
12
779 776 855 422 279 665 429 909 444 200 714 91
6
824 937 730 264 785 226
6
140 755 967 85 817 736
5
812 576 320 839 238
16
598 102 409 470 482 256 601 393 246 125 444 108 445 416 384 277
7
685 139 659 491 755 717 221
9
602 786 488 659 596 786 674 648 896
5
186 627 104 919 989
16
515 839 444 748 216 173 940 199 856 664 206 623 726 211 447 481
11
345 301 192 633 500 724 378 495 149 724 880
13
309 443 552 186 389 104 947 617 266 922 11 543 699
7
164 503 126 860 318 240 707
8
583 948 773 373 998 278 353 320
17
216 645 373 541 152 722 487 283 656 439 426 301 945 800 262 454 976
11
7 940 630 664 350 119 827 754 692 431 470
4
117 187 50 36
11
587 772 312 197 404 379 590 140 999 729 751
3
649 159 428
14
738 146 201 271 919 630 764 710 209 192 525 863 597 619
6
481 186 974 494 910 956
6
24 790 387 301 972 650
4
141 370 534 551
8
637 150 900 70 487 141 71 89
6
243 874 295 847 864 355
8
578 895 543 557 211 623 994 460
3
686 658 102
15
639 994 738 756 512 503 841 271 943 928 268 420 43 895 812
2
413 169
12
965 335 73 471 653 502 566 967 163 77 536 323
5
416 366 225 365 979
9
568 643 71 451 689 686 765 911 65
5
162 173 137 241 744
15
45 43 83 327 801 916 172 504 726 833 625 655 60 300 555
4
215 486 288 100
7
466 587 442 855 868 333 937
12
143 0 958 163 839 853 82 46 125 341 808 995
12
62 817 48 603 932 332 544 134 210 488 524 656
4
834 260 947 238
10
697 171 719 497 28 48 816 836 618 747
7
617 195 393 672 806 98 641
17
2 660 444 696 73 189 975 183 128 374 885 528 959 91 346 764 335
10
626 463 373 404 111 647 51 269 775 872
14
689 786 823 252 463 256 27 356 548 114 161 319 675 675
2
136 711
15
449 899 146 320 226 469 29 583 797 224 986 69 565 343 476
11
296 123 164 849 8 303 152 371 599 301 117
5
429 49 93 574 397
15
533 886 772 267 496 80 763 132 98 38 328 754 737 187 316
16
767 709 829 677 256 399 709 197 474 414 389 461 233 136 229 348
15
607 423 726 312 73 564 130 507 806 147 833 126 572 392 430
7
231 811 401 230 629 45 947
17
327 935 968 275 639 931 144 606 345 199 701 97 895 721 163 595 593
4
130 306 754 946
3
532 674 528
3
871 698 201
14
620 223 146 402 980 604 472 974 299 725 614 743 846 671
17
801 526 732 779 887 742 230 247 949 926 962 258 333 902 462 168 36
16
200 166 776 39 484 574 110 690 338 713 353 30 296 344 467 599
5
840 80 901 750 266
2
818 321
15
723 280 12 776 774 327 715 648 931 470 555 334 397 785 972
10
830 927 267 593 584 385 145 194 45 225
6
385 631 107 992 940 960
15
35 171 938 921 931 883 216 930 948 797 380 142 552 799 783
12
486 630 586 327 319 959 427 970 241 131 395 522
7
450 126 620 451 527 959 283
9
525 443 905 778 298 930 599 241 24
17
644 164 131 164 520 111 739 38 680 134 720 258 81 719 464 229 451
7
691 599 234 480 17 170 426
13
766 871 162 634 381 212 130 634 775 109 425 609 214
6
521 0 656 374 635 301
6
595 479 14 51 204 234
