100
26 9
69 29
18 2
14 1
74 4
53 5
29 6
84 26
1 0
14 6
81 33
83 31
95 38
25 11
49 18
56 12
36 8
31 1
82 33
99 34
55 20
13 4
44 4
20 5
25 5
61 12
13 3
23 2
19 3
7 5
96 19
72 34
4 0
81 34
64 5
41 18
89 36
20 9
37 13
13 6
60 22
21 6
58 17
36 13
34 5
16 6
11 1
6 4
56 15
3 1
34 1
0 0
12 2
27 8
7 3
37 15
0 0
50 25
52 12
67 10
3 2
91 33
26 9
85 11
59 10
24 3
20 3
3 1
8 6
60 0
78 7
48 13
33 4
43 3
87 4
83 9
30 6
3 0
36 8
88 44
4 2
13 5
32 15
55 3
0 0
87 6
48 9
34 14
21 7
67 31
52 24
44 13
62 26
90 5
13 3
82 22
30 15
30 1
5 0
73 3
