60
1 0
0 1
2 0
0 2
1 1
2 1
1 2
0 50000
50000 0
50000 50000
10153 39998
317 24935
26982 10153
22843 28213
30031 35153
15044 36294
38052 37413
23066 5553
7872 4006
16402 21029
28212 32724
18274 26059
22322 3081
976 21705
13306 35045
30646 2263
36814 18753
35610 35578
20786 39308
39333 32903
8773 29334
24176 39587
35262 30995
13487 3171
27654 28148
23277 12063
33791 31351
37931 26421
39040 2480
12927 11409
10895 2765
540 17569
8097 6403
37754 12597
21422 13328
3777 22729
18536 37902
34728 24474
33535 30318
16517 24941
36266 35369
23489 36936
30710 30155
33258 32907
119 32426
33743 8776
8609 9873
25329 19983
20322 38536
12515 31
