100
3
50 50 50
10 20 30
40 30 22
10 10 33
2
10 20 30
5 5 5
200 10 20
5
1 1 1
3 4 5
2 3 4
10 20 30
6 5 4
4 4 4
18
171 171 171
6 18 17
5 11 13
1 17 3
18 12 8
16 8 6
8 9 4
10 7 15
17 16 9
12 1 12
2 13 16
3 4 11
15 5 5
7 15 10
13 3 1
11 2 18
14 10 7
4 6 14
9 14 2
1
54 1000 419
901 128 729
8
649 484 808
91 62 90
213 219 167
47 63 157
59 196 13
188 164 102
459 199 105
156 44 91
53 114 179
12
959 192 816
39 87 99
105 135 74
8 145 78
53 68 82
85 20 73
148 8 130
88 105 9
71 20 37
62 126 69
157 96 117
16 126 73
24 6 98
2
550 438 867
194 448 737
739 106 65
2
317 672 787
514 786 913
883 514 772
11
647 983 482
149 78 32
166 5 149
54 11 102
115 3 105
40 71 55
162 27 95
121 138 92
123 58 44
165 7 146
159 84 168
16 162 44
1
506 594 726
493 223 65
17
188 361 414
63 14 65
27 71 30
32 48 48
15 372 17
98 20 30
26 92 20
92 31 56
61 2 40
52 73 80
5 21 13
75 95 44
98 36 41
85 64 43
108 57 15
43 89 41
45 59 84
44 40 24
2
802 851 461
644 406 712
486 373 774
14
557 217 627
22 43 110
72 53 28
111 124 65
80 22 39
75 40 128
123 43 102
78 86 64
130 62 130
117 7 86
91 5 194
18 22 52
78 87 414
11 48 72
40 133 82
2
41 314 876
469 68 563
820 91 186
11
498 590 991
90 76 29
164 13 153
124 40 53
6 106 104
158 122 134
92 130 25
393 91 164
100 19 96
97 66 31
67 142 125
52 24 171
17
751 206 976
82 9 43
86 48 12
9 105 84
96 91 47
14 56 43
69 44 43
105 57 30
29 40 58
99 55 35
54 21 96
50 69 8
83 97 54
90 86 14
55 68 61
9 104 43
550 48 94
84 48 82
17
427 607 174
104 92 62
27 85 68
43 72 59
37 27 85
4 44 2
16 105 23
34 98 108
38 108 26
8 7 75
60 27 7
29 74 62
39 75 58
105 28 107
79 87 52
39 69 57
49 77 75
73 74 59
13
972 265 118
28 81 137
51 26 103
59 110 12
29 6 34
27 126 94
118 29 105
72 75 92
20 49 41
35 98 15
43 96 108
76 67 71
51 88 27
36 122 110
4
903 874 125
446 399 57
294 908 207
237 365 285
416 72 105
2
709 249 492
382 290 23
346 570 189
18
919 867 660
32 8 84
97 18 43
93 4 103
279 83 23
71 48 77
24 104 42
40 29 56
56 68 96
102 19 105
84 29 61
77 76 5
66 28 92
55 16 1
36 103 68
4 55 92
26 3 63
105 94 67
18 93 7
13
397 573 250
121 68 44
98 10 11
10 115 104
78 696 114
75 57 135
41 115 105
95 20 145
11 81 111
135 116 56
1 138 146
139 143 127
27 11 80
95 86 106
5
167 701 368
128 157 28
44 72 84
184 359 101
263 111 145
298 244 98
7
69 992 197
27 159 129
5 27 24
158 157 9
197 74 82
152 95 99
207 106 241
29 26 365
14
591 824 238
50 55 28
103 97 51
117 59 134
43 18 75
64 18 4
78 130 109
9 18 50
21 27 4
101 19 14
17 101 93
123 58 60
129 38 86
25 24 11
55 813 74
16
475 634 892
855 92 81
70 37 74
106 59 51
27 71 72
35 118 113
103 56 74
87 21 85
9 5 42
63 115 2
106 31 37
35 22 83
12 29 83
117 31 3
49 77 113
110 43 15
6 116 17
10
622 96 297
99 90 28
138 142 19
14 5 54
93 100 99
172 183 142
55 38 190
175 80 167
162 160 121
47 178 43
4 161 26
12
514 262 579
131 30 76
114 103 16
95 148 49
83 53 122
70 2 68
35 157 12
17 138 69
24 65 118
11 136 63
75 110 148
149 1 156
67 129 64
17
154 233 748
58 13 962
99 56 38
36 108 72
36 107 69
103 46 34
22 72 105
78 2 2
77 88 67
52 101 29
93 84 88
67 66 36
104 57 100
68 110 97
111 63 99
32 103 49
57 17 10
24 110 100
15
543 538 39
48 22 116
26 82 52
90 44 91
44 59 85
3 40 79
118 53 1
41 32 92
38 91 48
35 103 60
40 78 59
94 68 80
39 88 509
49 113 55
63 72 26
91 24 110
9
482 169 316
190 69 62
146 22 37
66 86 138
171 5 29
36 199 94
66 191 163
90 27 14
47 186 128
25 118 62
1
324 541 680
589 272 222
13
184 590 956
106 123 128
126 88 80
143 52 128
42 114 5
20 79 73
5 40 59
66 102 62
102 130 48
69 98 131
94 36 96
3 27 10
145 96 77
34 117 141
16
224 595 131
32 44 87
81 52 114
97 70 61
28 9 23
43 63 16
23 8 18
54 112 24
118 25 13
794 13 8
63 106 63
48 7 63
36 103 26
72 62 105
44 19 80
16 22 29
49 92 92
16
944 835 244
107 89 68
80 6 817
65 99 54
65 38 68
100 77 63
44 94 92
84 59 14
117 77 37
19 79 86
34 55 108
30 85 17
19 2 6
88 955 46
82 107 31
103 24 13
13 111 8
13
684 991 3
43 4 98
3 121 101
144 24 1
73 60 72
119 71 45
17 24 55
56 122 135
75 32 30
133 51 22
69 104 69
87 3 111
23 53 16
81 100 110
7
903 263 421
53 97 163
11 149 97
92 146 107
21 227 203
82 101 143
53 178 227
39 209 138
7
994 783 204
161 86 258
219 137 147
85 89 132
90 137 184
173 176 230
223 39 242
531 195 224
1
460 623 399
99 482 568
8
597 162 747
87 147 33
171 13 24
16 35 203
19 78 39
136 186 159
42 88 11
196 3 78
216 73 110
7
386 968 817
174 60 40
170 22 110
32 8 250
215 236 246
168 66 25
90 158 257
66 43 187
17
652 110 188
107 60 94
46 278 7
99 28 98
41 62 70
22 92 52
49 32 18
738 92 44
2 67 50
32 51 27
53 4 69
40 63 73
65 110 10
105 39 36
83 79 44
79 79 62
49 14 13
65 62 3
1
449 96 685
138 994 945
2
822 59 644
228 408 342
674 473 842
18
616 537 958
71 54 70
83 55 95
101 96 80
45 99 1
19 68 98
73 75 70
97 15 68
37 82 23
105 49 104
67 439 820
86 65 84
59 33 40
13 99 104
103 75 22
14 22 2
31 48 7
39 33 44
55 27 23
8
960 252 739
55 187 50
490 37 187
162 221 44
35 105 108
59 19 24
164 179 56
39 217 1
43 168 95
18
172 655 948
34 70 38
68 15 18
76 31 105
83 43 101
54 5 74
40 19 52
60 34 90
63 28 11
39 28 87
37 75 102
40 72 5
86 101 67
24 10 46
95 57 15
54 83 84
85 83 14
18 53 57
67 44 72
13
180 118 318
136 97 21
24 24 144
132 130 231
66 135 38
120 61 78
128 10 92
18 111 98
95 49 143
68 67 31
10 10 18
23 64 99
1 109 27
83 1 106
7
560 242 422
107 128 127
97 40 258
56 29 107
197 221 231
150 76 64
229 207 255
201 74 67
14
818 493 293
126 52 125
5 20 83
46 83 40
78 66 127
79 14 78
82 104 30
125 48 26
8 58 18
401 12 1
27 28 103
85 12 16
54 131 49
556 91 61
6 86 80
11
540 766 797
39 116 41
145 47 7
294 113 168
45 63 43
624 98 88
48 73 57
14 166 112
146 116 4
37 146 144
37 40 98
107 61 14
2
24 770 716
456 29 941
286 969 484
8
349 282 33
49 214 307
86 140 49
31 21 29
59 56 57
9 123 215
27 14 11
100 129 99
202 218 159
4
851 760 579
378 18 812
244 117 305
344 411 376
474 394 347
6
87 95 847
239 165 131
115 82 254
297 119 218
142 77 164
271 156 217
246 211 249
12
622 693 294
134 152 54
66 71 7
59 82 29
17 104 127
27 86 37
118 84 30
30 158 74
55 96 137
31 98 45
73 146 47
83 36 8
135 116 148
8
220 291 918
161 235 223
51 188 120
236 121 183
67 11 120
109 163 161
199 128 72
133 85 71
218 110 100
6
232 921 107
45 91 168
227 28 63
97 28 167
202 164 87
116 37 158
43 218 194
12
625 205 357
66 149 35
132 8 61
129 72 101
57 89 108
73 80 14
2 436 63
81 90 147
138 109 105
99 151 74
18 68 132
1 138 20
40 139 151
12
710 957 422
36 57 8
148 150 5
30 19 12
132 755 99
1 151 154
81 22 18
68 39 26
74 11 142
121 7 114
114 110 870
27 57 3
133 84 144
12
775 135 554
123 29 64
61 131 27
106 147 19
155 122 1
14 34 14
88 9 38
137 82 152
13 51 91
135 156 66
134 105 74
36 68 69
60 50 71
15
910 842 131
89 113 3
103 125 60
9 8 591
102 91 28
52 39 87
13 43 31
524 26 125
48 14 10
17 34 62
88 44 45
115 98 62
45 123 240
70 125 51
11 76 813
15 63 121
11
562 181 201
13 68 29
81 111 100
124 24 134
91 145 2
70 61 22
155 106 69
133 100 8
10 121 109
86 28 108
65 89 88
575 72 130
8
523 542 417
105 221 39
125 207 87
13 106 158
200 217 15
58 206 56
188 94 87
184 27 21
26 194 194
14
701 218 17
45 51 48
96 83 107
64 42 129
75 11 81
27 74 133
102 92 106
26 71 47
116 90 111
67 70 18
32 44 7
106 2 39
4 31 58
26 106 54
88 20 48
8
754 680 614
253 191 116
230 167 144
71 88 81
89 96 170
17 137 86
22 43 8
24 10 207
19 65 108
2
646 176 355
220 439 943
348 103 659
11
860 998 1000
165 45 97
46 102 44
137 98 125
100 114 163
88 133 123
14 26 95
134 74 158
130 162 164
120 63 105
156 103 101
42 27 109
14
261 515 939
6 92 113
6 32 27
9 79 503
77 128 57
47 88 54
11 130 88
34 1 134
92 107 82
33 39 123
111 121 89
47 94 84
6 18 34
97 73 7
24 72 74
4
284 206 998
70 443 296
343 90 156
328 307 48
80 39 261
14
187 97 649
38 81 22
75 63 109
42 87 123
118 88 85
98 51 55
9 66 27
29 122 91
67 23 92
66 6 97
68 72 6
9 11 95
43 67 121
95 79 118
106 80 9
6
763 474 682
80 273 284
99 128 170
304 303 77
45 24 173
163 40 256
260 78 139
17
588 418 464
42 53 76
106 75 26
9 22 62
70 14 1
92 55 71
44 96 9
94 52 3
30 469 13
31 74 84
40 49 92
110 44 19
82 16 13
591 93 69
51 22 34
73 5 50
33 103 100
70 107 103
12
164 468 793
26 137 41
74 133 121
132 139 82
19 85 43
93 17 145
57 124 152
703 142 70
2 83 2
48 146 65
109 5 51
70 127 13
110 155 43
5
525 130 443
313 217 223
776 266 140
18 135 365
303 154 158
214 16 286
12
623 209 396
19 73 67
82 89 67
7 77 124
118 157 603
3 97 109
32 63 22
96 6 156
30 122 104
43 117 155
18 36 83
151 46 71
7 133 128
11
692 589 539
45 58 149
61 68 125
12 171 120
94 118 35
5 113 142
46 26 121
73 136 93
133 150 159
161 48 59
132 147 133
98 117 34
3
519 400 33
604 558 17
116 144 289
10 494 284
11
187 227 604
145 80 65
119 9 618
171 122 81
117 34 49
109 151 128
11 1 65
148 172 142
25 64 50
6 71 169
88 151 36
94 122 65
2
951 458 406
435 95 871
218 54 228
9
506 154 592
201 28 18
121 165 28
15 93 92
35 179 48
160 82 119
40 106 153
81 26 188
163 22 83
105 112 10
5
102 950 365
267 78 319
377 314 134
110 242 280
84 12 363
11 201 104
5
468 84 401
27 84 127
306 90 97
376 164 20
271 190 282
186 319 95
14
342 838 901
121 24 71
29 124 46
96 42 70
33 96 58
112 104 107
47 93 31
2 5 81
124 112 85
61 54 12
425 100 20
126 9 43
120 66 14
104 97 10
109 25 67
8
718 929 591
78 147 18
73 12 199
113 84 217
116 195 100
105 164 63
181 111 102
179 187 128
55 192 187
18
175 583 140
60 576 47
425 63 46
67 30 77
7 70 30
14 6 9
16 2 68
22 45 50
45 25 39
58 86 104
101 29 92
38 49 32
86 68 32
53 41 12
63 22 56
41 4 73
3 2 52
103 66 5
84 85 40
14
721 145 389
124 659 754
64 126 74
132 84 123
122 135 126
112 123 72
25 115 127
21 25 114
36 126 33
113 93 60
54 131 38
111 12 53
48 122 125
124 72 80
123 75 126
6
782 378 351
263 309 23
212 25 102
69 110 67
23 96 23
214 96 205
255 185 31
4
166 646 121
304 447 280
375 95 411
195 208 271
242 211 248
10
907 15 453
76 92 116
46 128 84
104 110 115
140 111 42
85 177 42
50 68 226
141 116 10
141 87 61
16 60 632
158 72 170
15
165 964 125
51 12 28
26 104 27
39 47 33
45 87 114
84 68 52
15 53 84
105 115 67
94 120 75
385 110 73
17 87 121
4 114 9
82 31 117
43 115 70
87 94 113
65 60 94
18
834 4 911
28 3 39
94 46 37
7 69 14
35 63 18
53 59 90
80 98 12
81 82 49
93 45 16
76 21 60
83 39 31
54 92 21
68 51 100
63 62 87
43 22 66
41 5 79
104 30 63
200 38 76
98 92 73
9
104 816 48
59 138 195
101 201 185
36 4 59
102 98 92
200 118 64
103 155 23
180 171 36
26 11 166
12 168 162
11
13 832 890
140 82 37
136 24 163
24 93 143
118 93 946
17 8 113
71 15 162
36 47 8
33 134 70
137 78 107
105 85 39
116 34 54
18
75 760 851
71 79 12
97 54 7
40 96 247
55 11 10
27 1 39
26 66 5
83 66 102
2 94 77
74 76 13
43 269 8
46 83 78
21 90 11
61 10 50
8 30 14
2 39 36
50 50 971
64 44 24
74 97 28
10
82 696 619
15 69 116
74 159 28
150 155 32
20 107 26
41 23 123
108 89 108
166 46 62
31 12 68
178 71 98
24 91 155
11
370 907 486
13 58 17
78 73 140
99 29 147
116 10 46
92 57 134
66 80 91
98 37 49
138 97 131
105 7 114
111 159 101
68 7 6
17
350 828 955
63 4 20
78 70 14
31 67 105
37 26 78
37 40 66
46 103 95
107 50 52
440 67 108
55 108 48
11 108 35
61 109 37
78 51 35
100 101 68
95 79 45
5 12 108
63 75 49
47 37 60
4
80 710 663
175 351 369
458 385 248
192 327 134
52 80 469
