99
3 1
3 4
2
0 0
0
0 0
0
3 3
4 6
1
5 5
5
2 1
2
3 8
3 4
5
3 4
4
0 1
0
4 10
3 6 12
4 8
5
3 5 2
5 1
4
3 4 1
1 1
5
4 27
325 520 259
149 2
394
4 10 8
0 9
1
5 3 2
20 2
11
16 24
983 876 540 649 171 649 687 153 818 118 978 756 950 712 481
630 643 857 248 172 907 880 246 833 757 538 457 44 587
865 460 314 251 110 111 319 928 78 114 473 668 356
130 289 755 516 803 572 431 593 515 356 280 830
974 310 586 939 731 256 275 897 551 326 629
588 183 253 825 471 395 266 477 780 357
52 822 708 347 304 835 409 497 445
606 658 805 215 527 470 890 930
422 21 67 422 556 766 135
819 591 734 915 601 930
588 971 578 569 223
150 763 549 296
521 419 292
365 74
908
7 10 0 4 5 5 1 7 8 8 6 4 8 10 0
5 9 0 0 1 10 3 8 3 2 3 4 6 5
5 9 1 10 1 9 7 3 5 6 8 9 7
10 5 6 8 9 3 8 4 9 3 3 2
9 10 2 2 0 9 1 4 9 7 9
4 0 8 5 10 10 5 6 7 2
3 3 5 7 6 3 3 0 5
10 5 2 4 9 2 6 4
1 0 9 0 10 7 9
1 6 9 2 6 1
2 0 6 3 2
4 1 8 1
5 6 2
10 6
6
0 0 0 0 0 0 0 0 0 0 0 0 0 0 0
0 0 0 0 0 0 0 0 0 0 0 0 0 0
0 0 0 0 0 0 0 0 0 0 0 0 0
0 0 0 0 0 0 0 0 0 0 0 0
0 0 0 0 0 0 0 0 0 0 0
0 0 0 0 0 0 0 0 0 0
0 0 0 0 0 0 0 0 0
0 0 0 0 0 0 0 0
0 0 0 0 0 0 0
0 0 0 0 0 0
0 0 0 0 0
0 0 0 0
0 0 0
0 0
0
3 34
425 412
666
7 10
2
4 20
9
7 125
711 864 504 824 614 850
613 266 585 955 172
154 716 303 930
792 762 265
546 536
786
6 7 5 1 10 9
1 5 0 7 1
7 8 2 10
1 5 4
10 7
8
0 10 6 9 17 0
7 9 0 17 14
3 17 14 8
0 1 0
17 19
20
14 56
602 400 54 414 869 80 112 302 664 298 518 615 331
836 543 743 815 712 689 137 273 462 723 245 851
80 681 747 248 915 835 966 644 87 139 858
1 948 303 706 762 925 274 737 487 621
558 169 18 423 523 837 370 952 545
410 633 652 617 418 845 438 841
730 970 857 31 867 821 415
515 579 11 797 104 367
806 478 119 238 32
864 300 848 49
437 418 308
164 558
387
3 8 5 8 3 8 1 5 2 4 9 2 10
9 8 5 10 7 2 8 7 0 10 8 10
2 2 6 10 3 7 6 7 1 1 2
10 3 0 1 10 10 8 7 9 9
0 4 4 2 7 6 9 7 10
7 4 0 10 5 6 4 2
4 3 4 10 5 8 1
4 0 7 9 4 6
9 10 5 8 1
8 10 6 1
4 8 9
8 4
1
0 0 0 8 0 0 0 0 0 0 0 0 0
0 0 0 0 0 13 0 0 0 0 0 0
0 0 18 0 0 0 0 0 0 0 0
0 0 0 0 0 0 0 0 0 0
0 0 0 0 0 0 2 4 0
0 0 0 0 0 0 16 0
0 0 0 0 0 0 0
3 0 0 0 0 0
0 0 0 0 0
0 0 0 0
0 0 12
0 0
0
14 169
360 104 326 77 663 389 184 597 855 663 736 371 334
446 801 846 838 89 848 316 587 414 526 723 539
470 234 5 797 426 254 305 386 707 605 566
939 98 182 313 566 677 925 712 97 153
749 294 124 354 697 126 822 381 330
548 266 219 659 55 108 384 49
307 772 529 360 761 29 816
297 917 679 239 331 688
324 23 806 28 651
678 836 485 462
309 373 46
684 258
410
2 10 2 6 3 0 8 7 7 0 8 1 10
8 4 1 9 9 9 8 0 6 4 0 1
8 1 1 5 9 0 0 9 6 0 5
9 6 2 2 3 9 5 3 9 0
8 8 5 3 9 0 9 0 0
5 5 7 1 8 5 8 5
8 0 9 6 6 8 0
6 2 4 0 3 0
0 8 10 9 9
9 10 10 2
8 6 4
7 9
5
6 12 0 0 0 0 0 0 0 0 0 0 0
11 0 0 0 18 0 0 0 0 13 0 0
7 0 0 0 0 0 0 0 0 0 0
0 0 17 0 0 0 0 0 0 0
0 0 0 0 0 0 18 0 17
0 17 0 0 0 16 0 0
0 0 0 0 0 0 0
0 0 0 15 0 0
0 0 0 0 0
0 17 0 0
0 10 3
0 0
0
15 40
355 376 630 591 229 896 953 893 722 901 927 42 644 208
422 735 711 940 876 994 321 622 386 67 323 243 915
772 945 468 124 829 786 276 318 699 272 408 257
918 265 118 157 961 567 924 992 210 912 208
357 696 664 773 525 909 854 716 6 98
353 263 870 187 980 522 336 630 78
502 644 284 609 69 20 634 171
986 620 530 394 589 722 926
78 149 46 964 65 462
26 182 319 776 49
503 844 701 180
185 144 382
633 846
644
9 3 2 1 10 0 6 4 6 0 4 0 7 8
0 0 6 4 0 1 6 7 2 4 10 5 3
1 9 2 4 10 6 2 6 8 4 1 4
7 4 5 10 1 1 10 1 7 1 3
4 4 0 7 6 7 5 3 8 9
4 10 10 8 7 9 1 4 4
3 6 6 4 1 3 2 10
1 3 4 2 9 5 9
3 10 3 9 6 6
7 4 9 6 5
2 3 6 7
2 1 2
9 3
0
0 0 0 0 0 0 0 0 0 0 0 0 0 0
0 0 0 0 0 17 15 0 0 0 0 0 0
0 0 0 0 0 0 0 0 0 0 0 0
0 7 0 0 0 0 0 0 0 0 0
0 0 0 0 0 1 0 0 0 0
0 0 0 0 0 0 0 0 0
0 0 0 3 0 0 0 0
0 0 0 0 0 0 0
0 0 0 0 0 0
0 0 0 0 0
0 0 0 0
0 0 0
20 8
0
15 132
196 612 2 766 14 862 580 320 643 84 518 451 426 426
359 63 337 18 981 763 672 405 709 543 220 388 178
187 472 756 342 299 745 193 776 729 640 909 67
140 142 431 424 435 811 310 822 759 912 443
921 851 69 98 723 569 981 727 429 546
34 123 246 20 163 511 951 101 177
722 868 898 840 665 541 162 412
970 782 371 28 770 982 464
231 331 523 761 228 399
890 935 942 906 612
327 737 944 477
267 774 718
554 538
310
5 4 6 9 7 8 6 3 9 7 1 6 5 5
2 0 0 10 9 3 9 2 0 0 8 4 9
0 4 8 8 7 2 6 6 3 10 0 1
9 8 0 3 10 8 5 4 0 4 9
2 7 5 3 3 10 3 5 9 10
2 10 3 6 9 0 9 9 5
1 8 10 5 3 10 2 6
7 2 8 4 4 6 3
10 8 6 1 5 7
2 1 2 6 1
1 3 7 5
8 8 3
6 2
8
0 0 0 0 0 0 0 0 0 0 0 0 0 0
0 0 0 0 0 0 0 0 0 0 0 0 0
0 0 0 0 0 0 0 0 5 0 0 0
0 0 0 0 0 0 0 0 0 0 0
0 0 0 0 0 0 0 0 0 0
0 0 0 0 5 0 0 0 0
0 0 0 0 0 0 0 0
0 0 0 0 0 0 0
0 0 0 0 0 0
0 0 0 0 0
0 0 0 0
0 0 0
0 0
0
10 67
716 962 1 929 23 595 161 523 244
908 346 171 625 898 884 644 671
563 993 723 248 910 35 98
314 269 644 131 252 517
726 761 444 589 319
562 314 664 813
603 750 805
100 19
519
4 8 4 10 5 10 10 3 0
6 2 7 7 3 2 1 2
7 8 10 4 5 2 4
9 1 7 1 8 10
10 10 10 7 1
0 3 0 1
7 6 4
9 1
2
0 0 0 16 0 0 0 0 0
0 0 2 0 17 0 1 3
4 1 0 9 0 0 8
0 10 0 0 0 0
19 0 0 0 0
0 0 2 0
0 8 0
0 0
1
13 19
522 547 6 823 386 606 749 709 46 431 724 801
398 900 249 639 538 879 486 294 28 877 956
304 340 889 3 566 58 68 119 245 752
729 957 815 226 657 590 407 748 614
82 745 217 463 699 91 689 342
181 773 583 867 297 78 950
449 587 509 608 403 549
679 604 710 755 381
425 934 329 718
603 44 982
527 908
613
3 7 0 1 5 3 1 0 1 6 7 4
2 4 4 5 2 3 2 9 4 2 1
7 9 1 8 6 3 8 5 10 5
4 0 1 0 5 6 7 0 2
4 5 3 2 2 9 7 7
4 6 3 0 8 2 1
7 10 7 4 5 10
1 4 8 2 5
9 6 2 4
4 4 3
8 3
2
0 11 0 0 5 0 0 0 0 0 0 0
0 0 0 0 0 0 0 0 0 0 0
0 0 0 0 0 0 0 0 0 0
0 0 0 0 0 12 0 0 0
0 0 0 0 0 0 0 0
0 0 0 0 0 0 0
0 0 0 0 0 0
0 0 0 0 0
3 0 0 0
0 0 0
0 0
0
9 175
543 16 908 711 974 770 609 587
939 548 465 525 323 831 867
428 409 820 136 962 265
571 469 467 77 417
338 564 105 671
56 443 480
382 773
241
145 31 82 54 141 5 107 112
1 18 171 22 50 135 157
3 91 29 94 31 7
137 0 115 69 134
41 74 157 157
43 166 94
94 162
126
3 0 17 0 1 8 0 9
16 15 0 0 19 0 7
0 0 11 19 12 0
20 0 0 13 12
0 2 4 0
0 0 3
0 0
5
15 14
633 445 174 42 818 162 167 205 863 867 984 355 944 630
579 713 483 762 313 464 661 545 205 913 860 371 997
582 778 308 75 967 368 665 485 617 1000 666 771
652 220 997 125 823 279 569 391 755 164 544
788 68 215 356 836 640 506 172 851 417
134 24 559 817 184 606 824 947 660
576 214 572 880 28 173 20 906
717 834 977 364 492 99 427
608 389 480 846 576 766
327 105 820 901 492
453 144 505 186
374 3 666
774 78
316
12 7 13 9 11 11 10 8 13 2 9 8 0 14
5 2 9 1 1 14 11 5 4 13 14 9 8
8 5 11 0 4 9 13 3 14 8 3 4
14 9 7 0 2 14 1 9 5 5 12
12 2 1 12 12 3 9 10 12 7
13 6 1 6 14 12 12 11 10
7 13 1 12 12 8 11 11
6 11 13 1 11 1 1
10 8 6 4 7 8
10 8 7 11 3
10 11 1 4
10 3 12
1 9
2
8 0 0 0 0 0 0 0 0 0 0 0 0 0
0 0 0 3 0 0 0 0 0 0 0 0 0
0 0 0 0 0 0 0 0 0 0 0 0
0 11 0 0 0 0 0 0 0 0 0
0 0 0 0 0 0 0 0 0 0
0 12 0 0 0 0 0 0 2
0 0 0 0 0 0 0 0
0 0 0 0 0 0 0
4 0 0 0 0 0
0 1 0 0 11
0 0 0 0
0 0 0
0 0
0
11 122
999 718 745 638 756 403 538 62 468 756
536 117 992 509 825 947 421 544 625
331 841 899 861 468 888 649 351
44 703 201 658 728 359 178
461 880 350 978 758 705
251 339 107 293 264
663 586 1000 922
677 146 390
915 31
551
68 73 92 20 114 61 13 54 104 104
39 121 13 107 84 117 30 60 32
54 1 87 101 48 63 7 108
104 89 15 5 111 86 25
22 48 74 27 13 91
108 77 50 29 21
57 65 55 56
64 114 36
71 80
24
18 7 0 6 0 16 0 1 0 15
0 0 0 0 0 0 0 17 0
5 0 0 0 0 0 0 0
0 14 0 0 0 0 0
0 0 0 0 16 16
17 0 0 11 1
0 19 10 0
10 0 5
1 0
0
13 154
523 971 607 98 712 98 709 285 664 728 41 208
926 425 451 522 220 795 241 358 535 876 580
724 415 164 638 788 278 71 551 57 611
837 355 368 173 691 856 504 937 369
988 214 346 930 581 377 609 178
633 73 173 899 106 340 235
555 992 510 119 37 898
65 620 565 667 135
966 866 641 900
877 289 987
365 310
636
24 28 134 12 149 77 79 107 134 10 38 124
35 17 78 94 111 2 109 32 4 147 13
71 132 46 10 148 105 148 107 107 70
26 72 131 0 11 106 84 82 89
103 59 101 137 106 149 84 81
43 103 61 47 85 64 26
74 75 38 111 133 138
19 103 77 64 69
51 50 55 81
75 126 59
37 71
101
0 0 0 0 0 17 1 0 0 0 0 0
5 0 3 20 0 0 0 0 0 0 0
0 8 0 0 0 0 0 0 0 0
0 3 0 11 0 20 0 0 0
0 0 0 0 0 0 0 0
0 0 20 0 0 0 0
0 19 0 0 0 0
0 13 14 8 1
0 19 0 0
11 0 4
0 0
11
15 8
185 721 248 126 460 192 704 387 19 910 819 133 650 481
869 961 6 159 548 106 995 942 535 244 508 791 977
805 341 491 899 428 988 673 397 836 977 41 969
68 789 897 749 711 988 646 478 480 93 92
991 297 889 960 672 746 337 294 794 670
959 63 934 472 627 563 653 611 931
986 473 661 936 802 766 270 953
491 541 340 114 457 278 725
971 930 909 821 2 41
732 470 957 235 582
715 180 685 840
61 631 381
948 89
145
1 8 3 5 7 7 3 8 8 4 5 8 8 3
0 4 5 1 0 2 1 1 5 3 2 5 2
4 2 5 6 2 8 8 7 8 8 1 7
1 7 5 7 2 4 4 3 1 0 8
1 3 2 2 8 7 4 7 1 7
0 4 1 7 8 0 2 1 6
7 4 6 0 4 1 3 8
3 7 1 1 2 5 1
4 2 2 6 3 5
0 0 4 5 6
3 7 5 3
2 1 2
0 1
4
0 0 0 0 0 0 0 0 0 0 0 0 0 0
0 0 0 0 0 8 0 0 0 0 0 0 0
0 0 0 0 0 0 0 0 0 0 0 0
0 0 0 0 0 0 0 0 0 0 0
0 0 0 0 0 0 0 0 0 0
0 0 0 0 0 0 0 0 0
0 0 0 0 0 0 0 0
0 0 0 0 0 1 0
0 0 0 0 0 0
0 0 0 0 0
0 0 0 0
0 7 0
0 0
0
4 24
697 560 486
830 616
799
20 2 23
12 9
11
0 0 0
14 3
17
9 164
161 236 830 680 470 848 892 504
864 215 254 993 637 962 688
674 289 322 207 521 655
706 916 813 498 935
80 820 682 722
366 426 18
606 948
752
112 32 41 64 108 32 69 153
155 74 32 156 93 147 131
154 19 16 98 14 55
157 127 30 136 108
143 79 1 50
53 116 114
162 17
31
17 0 0 18 0 0 0 0
0 0 0 0 0 0 0
7 0 0 0 9 0
0 0 12 0 0
0 0 0 0
0 0 0
0 0
0
14 191
76 519 537 95 768 174 294 446 100 219 251 783 278
388 31 649 448 272 12 37 493 216 839 271 102
923 189 866 786 537 173 106 147 952 57 285
976 870 331 126 448 620 576 632 986 102
933 752 174 297 487 565 406 655 315
358 865 353 469 882 796 817 710
271 981 169 370 599 784 210
335 827 126 371 758 918
273 616 787 244 385
612 303 20 337
632 349 368
477 535
742
159 115 169 20 106 123 139 80 31 39 146 190 48
92 150 132 176 119 173 27 8 34 163 119 44
178 174 37 33 148 34 165 142 70 187 73
175 93 114 100 71 37 96 119 37 41
191 96 58 36 144 168 75 133 26
118 11 75 40 97 46 188 77
64 159 164 44 82 31 47
69 34 87 89 190 53
113 2 35 185 142
44 190 163 3
59 65 76
9 95
108
16 0 0 0 0 0 0 0 0 18 6 0 0
0 0 0 0 0 14 0 0 0 0 8 0
0 0 0 0 0 0 0 0 20 0 0
0 16 0 0 17 0 0 0 0 0
0 0 0 4 0 0 0 0 0
0 0 0 0 0 0 0 0
0 0 0 0 2 0 0
0 0 0 14 0 0
0 0 0 0 0
0 0 0 0
0 0 0
0 0
0
8 200
872 534 833 851 908 303 531
919 368 481 429 18 672
886 566 137 992 390
646 757 3 428
368 77 64
911 620
578
148 104 166 75 0 63 132
165 22 184 4 192 59
131 154 81 72 69
179 110 48 124
175 189 5
11 180
15
0 0 0 0 0 0 0
0 16 0 18 0 0
0 0 0 0 0
0 0 7 0
10 0 0
0 18
2
8 91
626 685 555 424 116 396 990
718 182 104 735 304 686
993 18 871 821 620
675 218 327 144
487 222 628
151 400
381
75 70 16 71 40 47 63
24 40 91 52 14 86
73 1 3 63 2
64 52 65 5
14 3 59
50 7
89
0 0 0 0 0 0 0
0 0 18 0 0 0
0 0 0 0 0
15 0 0 0
0 0 2
0 0
0
9 187
323 656 72 71 558 798 566 85
801 35 637 383 223 751 40
184 25 777 307 581 901
540 161 667 608 836
964 766 861 814
55 867 882
904 693
894
142 115 74 106 69 68 166 29
21 149 92 130 138 37 167
144 133 38 28 52 29
185 145 70 0 160
0 164 60 67
175 85 161
106 34
27
15 0 0 0 0 10 0 0
0 0 0 19 0 9 4
0 0 0 0 0 0
0 0 20 0 12
7 0 0 7
0 4 14
13 0
0
12 53
74 114 368 215 414 100 375 342 132 542 404
741 923 605 542 758 829 712 882 937 421
726 807 373 480 575 252 530 285 219
922 624 590 804 982 799 634 351
974 447 92 356 821 190 693
206 594 240 347 448 355
74 994 520 798 632
108 735 589 522
685 979 298
51 824
780
28 12 27 9 21 19 52 6 51 53 9
38 44 0 14 25 50 15 16 51 0
35 2 53 37 51 53 38 46 43
4 26 51 53 42 38 48 22
27 2 39 50 34 24 12
10 49 31 20 19 5
10 50 4 33 11
20 28 43 44
42 11 29
11 43
3
0 7 0 9 0 0 0 0 0 0 0
0 0 0 19 0 0 0 0 0 18
0 0 0 1 0 1 0 0 0
0 0 0 0 0 0 0 5
0 0 9 0 0 0 0
0 0 0 0 0 0
0 0 0 0 0
0 0 12 9
9 0 0
0 0
0
6 21
971 960 315 436 815
528 521 922 813
600 933 384
409 139
237
17 15 21 5 1
13 21 0 19
16 7 18
17 5
16
0 0 2 0 0
0 4 0 0
1 2 0
0 0
10
8 191
33 382 472 102 605 172 260
905 869 438 835 997 193
133 875 318 512 639
53 744 241 523
346 508 937
611 280
332
107 188 3 3 110 79 62
122 62 170 167 57 180
140 4 3 177 11
52 3 179 68
142 83 111
12 131
64
0 0 0 0 19 0 0
0 0 0 0 7 0
0 0 0 11 0
0 0 0 0
0 0 0
0 0
0
7 166
730 825 47 817 203 700
568 993 638 513 206
113 340 230 864
397 802 637
312 764
219
150 155 150 70 131 48
114 112 7 147 13
43 79 92 34
76 59 58
43 130
54
0 0 9 19 7 3
16 6 20 9 6
8 0 0 6
2 20 0
15 6
19
3 86
678 839
380
54 71
12
9 0
13
3 65
84 909
516
35 9
53
16 15
10
4 105
10 276 492
798 164
515
8 102 101
53 61
62
9 16 10
5 4
19
10 114
397 649 441 964 28 469 168 836 376
657 746 742 437 905 984 270 110
924 304 852 174 634 290 392
819 315 19 503 539 671
289 786 489 156 512
15 607 611 174
240 125 173
450 822
404
78 86 16 45 39 91 35 43 10
106 41 7 48 47 93 77 56
65 114 96 23 76 47 3
96 75 103 53 92 11
35 17 112 78 85
34 48 19 106
114 69 78
112 71
58
0 2 0 0 17 20 0 0 0
0 12 9 16 0 0 0 0
0 0 1 12 0 4 0
0 0 16 0 0 2
0 0 0 10 12
0 0 0 0
0 0 0
5 0
0
7 54
398 211 442 309 791 701
497 589 446 561 485
959 710 438 551
87 118 875
393 455
311
22 51 20 49 21 16
16 20 15 3 14
24 3 31 30
42 13 33
46 18
37
0 0 14 0 0 0
1 0 0 0 0
0 0 0 13
0 0 0
16 4
2
9 191
151 286 380 218 498 129 741 76
387 341 524 705 913 127 435
20 53 83 363 901 874
432 464 636 649 740
848 866 854 707
705 594 765
409 646
433
135 191 182 20 160 44 81 66
136 59 101 157 143 108 104
53 43 20 108 60 55
27 42 35 11 180
34 157 162 84
119 175 21
79 20
25
5 16 0 0 0 0 1 0
11 19 19 13 0 10 0
0 0 0 0 0 0
0 0 19 0 2
0 0 15 0
3 20 4
11 2
6
8 59
877 352 646 417 799 867 540
32 752 872 95 183 452
259 409 843 732 117
325 139 637 962
126 959 687
132 337
108
12 48 49 32 44 9 48
4 40 3 4 32 30
4 45 59 20 15
12 29 49 46
3 44 10
3 28
24
0 11 0 3 0 8 0
0 1 0 0 3 0
0 3 0 1 0
0 0 17 12
1 0 17
0 0
3
8 109
626 380 635 739 580 795 77
232 827 867 323 844 105
859 631 905 532 436
364 618 630 629
469 73 63
452 265
871
91 39 65 55 33 53 22
8 74 100 2 76 11
85 90 96 6 68
82 64 24 74
107 22 50
98 83
42
8 4 0 0 0 0 0
0 3 0 0 0 0
0 0 0 0 0
0 14 0 16
6 13 0
0 0
12
3 119
796 645
692
6 115
111
3 1
0
16 66
676 686 881 455 733 396 910 529 984 271 754 557 977 801 373
101 841 189 630 837 950 193 843 272 278 128 573 405 645
892 951 330 604 357 262 822 329 256 542 669 501 718
433 123 849 948 620 166 698 172 749 422 614 809
850 448 976 80 922 823 122 638 558 934 507
610 139 604 181 400 427 726 788 945 127
907 174 657 309 702 663 190 406 390
27 249 881 420 192 154 561 580
738 516 47 660 375 397 589
892 604 594 305 723 981
217 638 540 520 573
510 820 977 486
716 800 995
545 722
152
22 32 11 25 49 55 5 35 12 11 0 53 63 62 63
43 43 31 27 8 50 66 38 21 42 45 59 28 17
47 22 19 52 53 7 40 21 14 4 34 1 45
14 59 64 14 0 64 27 14 10 53 62 16
38 15 39 44 28 21 64 11 58 49 43
24 13 2 48 9 45 9 21 4 53
61 27 30 12 16 58 39 55 24
35 25 66 39 14 58 42 43
30 36 61 37 53 21 52
40 33 44 45 32 34
6 45 48 60 54
38 18 48 51
47 32 55
1 44
35
2 0 7 20 0 0 12 6 0 0 0 0 0 0 0
6 0 0 0 0 0 0 0 0 0 0 0 0 0
0 0 0 0 0 20 0 0 0 0 0 0 0
4 0 0 0 0 0 0 0 0 0 0 0
0 0 0 0 15 0 0 0 0 0 0
0 0 1 0 0 0 0 0 0 0
1 0 0 0 10 0 0 0 1
0 0 0 6 0 0 0 0
0 0 0 0 0 0 10
0 0 0 16 0 0
0 0 0 0 2
0 0 0 0
0 1 0
0 0
0
15 101
186 809 347 747 771 598 502 144 643 598 147 895 836 858
528 290 322 192 868 374 414 809 42 908 925 264 136
352 183 771 560 189 397 526 329 757 615 65 112
921 965 844 622 302 700 141 17 527 61 137
5 916 873 507 464 300 336 138 537 230
463 671 303 622 183 382 331 42 224
570 666 203 483 8 23 903 776
207 291 629 503 225 739 250
8 474 691 745 137 548
807 740 773 378 532
660 944 132 712
695 429 145
861 423
651
84 6 83 5 94 5 64 8 79 57 59 39 8 63
55 74 70 23 101 86 25 26 40 31 8 43 56
13 68 71 14 11 13 32 69 25 59 41 62
5 3 101 95 11 44 5 96 58 76 18
73 91 46 25 85 83 88 46 40 77
73 22 79 96 74 26 92 84 76
17 46 24 4 17 45 40 33
52 1 50 92 29 64 74
1 49 77 90 53 55
34 2 60 51 54
18 44 50 15
31 43 38
89 16
89
12 17 0 0 0 0 0 0 0 0 9 0 0 0
0 0 0 0 0 0 0 0 0 0 0 0 0
0 0 0 0 0 17 0 7 0 0 0 0
0 0 0 0 0 0 0 0 0 0 0
0 0 0 0 0 0 0 0 0 0
0 0 0 8 0 0 0 9 0
0 0 0 8 0 0 0 0
7 0 0 1 0 0 0
0 0 0 0 0 0
0 0 13 0 12
0 0 0 0
0 0 0
0 0
15
5 125
750 133 822 284
933 407 585
193 538
947
47 104 55 27
50 36 76
2 81
53
15 11 11 3
3 19 17
18 9
5
9 175
520 246 210 706 335 54 93 754
921 774 912 428 102 157 625
895 947 949 916 131 406
509 262 280 244 447
608 772 156 627
331 203 641
168 209
346
156 124 124 135 116 15 1 80
166 137 146 90 155 144 70
85 59 142 60 20 59
76 167 66 81 73
110 69 35 48
153 89 42
17 165
23
0 14 6 0 9 0 0 0
0 0 16 0 0 19 0
0 0 0 5 0 0
8 0 19 0 0
0 6 0 0
0 3 12
0 0
0
13 71
519 122 316 2 812 510 438 185 177 263 148 479
406 369 352 829 162 902 396 968 598 863 903
62 774 697 397 949 721 539 719 824 205
143 411 826 723 929 276 569 46 578
92 297 654 104 27 24 744 430
637 671 105 35 476 9 47
399 223 897 733 583 945
173 726 509 585 302
305 161 981 797
100 226 817
289 912
418
46 1 11 6 54 36 18 34 8 9 23 36
39 18 13 42 33 60 7 55 15 7 63
13 21 37 13 22 27 67 24 55 60
5 61 53 33 8 5 7 47 47
37 31 61 18 20 38 61 41
70 31 10 57 43 42 50
7 42 71 20 38 42
4 70 64 35 6
6 54 23 14
23 27 43
57 54
31
0 0 0 0 13 0 0 0 0 0 0 0
0 0 0 0 0 0 0 0 0 0 0
0 0 0 0 7 0 12 0 0 0
0 0 4 0 0 0 0 3 0
0 1 4 0 0 0 0 18
0 0 6 0 0 0 0
0 0 0 0 0 0
0 0 0 6 0
0 19 0 0
0 0 17
0 0
0
8 131
241 997 789 467 340 105 348
116 167 609 107 467 324
995 360 214 823 761
640 561 406 357
827 634 720
101 979
984
113 88 67 73 32 121 71
125 21 109 107 113 28
87 59 12 129 63
105 97 84 73
32 62 98
27 23
67
7 10 18 0 0 0 0
0 0 0 0 18 0
0 0 20 7 1
0 0 13 12
1 0 2
3 0
0
9 70
358 245 15 106 635 186 507 347
139 707 317 748 70 531 458
950 988 776 954 659 884
585 240 965 980 542
146 512 286 291
905 417 780
614 525
472
21 55 60 68 15 28 38 44
1 11 26 48 27 45 67
35 2 30 42 45 20
67 33 2 25 48
70 60 30 69
2 6 24
60 1
46
16 0 1 20 0 12 0 0
1 0 0 0 19 0 0
0 0 0 0 18 0
1 0 0 0 0
0 0 0 0
12 5 0
0 8
0
14 68
999 909 764 274 949 812 538 639 957 870 694 973 107
741 790 918 585 562 682 963 676 594 443 494 293
851 441 793 108 629 897 638 629 890 161 450
337 279 825 542 300 141 759 836 514 265
141 605 592 271 526 185 330 471 89
322 98 753 195 806 968 557 599
301 984 280 678 831 22 508
279 218 199 333 968 869
936 620 670 710 343
510 975 727 783
632 655 530
129 452
278
42 31 67 9 31 42 32 5 32 38 24 24 55
48 15 56 27 44 12 38 31 33 2 19 11
32 34 47 62 34 50 3 38 36 31 37
37 2 68 54 51 65 33 31 24 61
52 43 3 42 46 24 44 27 5
36 64 65 12 66 30 27 27
43 59 55 23 24 61 53
15 56 28 39 8 5
35 36 58 66 64
2 68 53 23
27 13 45
34 64
18
0 0 0 2 0 0 0 0 0 0 0 0 2
0 0 0 0 0 0 0 1 1 0 0 0
0 0 0 0 0 0 0 0 0 5 0
0 20 0 0 0 0 0 0 0 0
3 0 0 0 0 0 6 0 13
0 0 12 0 0 0 0 0
0 2 0 0 18 5 0
0 0 0 0 0 0
0 0 0 0 6
0 0 12 0
0 0 0
0 0
0
5 90
240 53 914 138
326 362 552
38 15
823
37 90 31 47
11 58 4
39 36
8
5 7 4 14
10 20 7
2 14
0
14 46
446 665 441 240 94 53 415 198 603 663 875 136 731
652 754 76 99 725 946 750 625 539 729 218 696
99 865 560 432 690 718 945 507 980 300 682
380 548 609 45 467 250 783 11 731 495
571 336 415 741 374 762 143 239 653
531 432 353 783 789 717 554 560
918 362 581 437 312 774 50
192 605 656 277 216 932
629 938 802 334 968
708 808 61 919
965 878 124
158 225
942
6 11 45 3 10 28 5 44 14 10 32 39 9
45 22 15 15 3 0 22 1 42 2 21 46
24 14 42 26 11 29 20 11 30 0 14
40 34 9 29 42 29 29 17 8 9
45 41 28 41 5 42 15 45 10
37 4 45 12 42 9 38 12
45 26 10 45 28 18 30
4 7 12 40 19 40
3 31 29 18 25
4 7 37 46
3 26 33
13 35
46
0 0 0 0 0 0 0 0 0 0 0 0 0
0 0 0 0 0 0 0 0 0 0 0 0
2 0 0 0 0 0 0 0 0 0 0
15 0 0 2 0 3 0 0 0 0
0 1 0 0 20 0 0 0 1
0 0 0 0 0 0 0 19
1 0 0 0 0 0 0
0 0 1 0 0 2
0 0 0 0 0
0 0 0 0
0 0 0
0 0
5
6 186
847 892 768 166 167
21 599 166 927
809 908 273
372 95
823
157 85 28 137 69
71 159 133 35
120 103 45
141 61
127
0 0 14 18 15
11 0 0 0
15 0 8
13 12
20
6 38
966 632 872 850 671
338 654 233 954
840 103 291
180 322
520
20 8 22 18 13
21 31 37 11
24 29 27
25 21
25
7 7 0 0 8
3 12 6 0
5 1 3
15 5
10
15 137
236 486 440 303 329 838 739 159 250 622 832 527 699 985
89 894 479 952 574 576 157 112 52 69 216 486 500
304 522 352 227 842 932 56 748 895 207 604 376
23 939 142 76 251 72 263 520 370 744 460
417 168 595 908 161 391 383 258 517 297
752 994 615 781 255 496 762 154 264
887 669 874 270 368 534 667 137
790 35 737 313 843 701 31
635 392 332 776 337 179
77 867 117 292 561
10 602 593 968
932 382 523
298 354
852
73 17 124 60 102 10 79 64 33 104 131 117 126 92
107 121 75 46 27 13 69 44 76 104 12 61 20
79 78 132 26 111 55 126 108 21 41 18 70
20 75 118 132 65 100 22 47 84 37 61
18 52 114 81 79 66 114 84 93 16
32 17 50 57 131 121 42 42 12
82 131 88 86 5 43 92 1
73 13 100 87 64 101 21
3 62 30 49 13 23
69 125 136 10 75
3 44 130 42
19 128 110
7 80
116
0 0 0 0 0 0 0 0 0 0 0 0 0 0
0 0 0 0 0 0 0 0 0 0 0 0 0
0 0 0 0 0 0 0 0 0 0 0 0
0 0 0 0 0 0 12 0 0 0 0
0 0 0 0 0 0 0 0 0 0
0 0 0 0 0 0 0 1 0
0 3 0 0 0 0 0 0
0 0 0 0 0 0 0
0 0 0 0 0 0
0 0 0 0 0
0 0 0 0
0 0 0
0 4
0
13 171
271 365 74 75 36 98 754 186 995 313 460 864
801 352 984 127 825 642 226 57 310 611 693
132 178 294 543 47 6 653 795 676 701
451 998 861 906 65 280 68 237 961
436 533 32 700 392 432 417 242
193 774 142 989 414 163 809
509 725 337 847 100 208
368 818 413 890 740
409 151 871 93
787 454 392
254 810
969
24 63 167 129 21 55 151 15 75 61 64 6
73 139 101 1 114 20 89 163 92 133 132
146 24 145 136 168 113 105 150 2 52
82 146 116 88 134 103 69 10 28
27 168 50 91 62 57 158 151
137 121 47 43 7 43 44
36 1 108 119 59 88
130 67 33 24 113
79 145 129 125
50 88 169
10 154
26
0 0 0 0 0 0 0 0 0 0 0 0
0 0 14 17 0 0 0 0 0 0 13
0 0 0 0 0 0 0 20 0 0
0 0 0 0 0 16 14 0 6
4 0 0 0 0 8 0 0
0 0 0 0 0 0 0
0 0 11 0 0 0
0 14 0 0 0
0 0 0 0
0 0 0
0 19
0
5 174
650 177 562 925
758 64 519
807 990
740
102 62 3 40
153 165 24
141 61
65
0 0 0 0
0 16 0
0 14
0
9 118
59 291 834 541 583 709 320 101
57 852 899 999 838 949 475
117 374 500 55 295 427
53 585 79 21 714
743 358 370 852
694 411 431
220 93
173
16 102 50 75 96 54 13 17
89 54 76 18 58 34 62
11 79 2 61 82 35
55 46 89 49 62
23 28 18 38
83 18 66
52 67
12
0 19 4 0 0 0 0 0
0 0 9 19 3 0 17
3 0 0 0 0 0
0 0 0 0 9
0 0 0 15
0 0 0
5 0
0
9 14
3 9 11 16 21 24 22 11
9 11 15 22 18 9 25
4 7 12 8 18 27
6 11 13 15 21
7 9 17 15
3 8 10
8 8
1
10 1 2 7 3 9 8 7
8 8 8 3 2 4 4
1 4 7 5 0 8
0 5 2 0 1
7 8 10 2
8 4 0
0 1
3
0 0 8 0 0 0 3 0
0 0 0 0 0 0 0
0 0 0 0 0 0
0 0 0 3 0
0 1 0 3
0 0 0
0 0
11
6 137
1 4 5 8 10
4 5 9 16
2 7 6
6 6
5
10 5 9 1 0
10 2 3 9
2 6 0
4 9
6
0 0 0 0 0
0 0 0 0
0 0 2
0 3
6
8 50
5 5 7 6 12 12 18
1 5 9 13 16 16
5 6 12 8 18
4 7 7 7
4 6 8
5 9
7
0 6 1 1 3 9 7
2 9 6 9 4 10
4 3 8 1 9
4 6 7 4
0 9 5
6 8
5
0 9 0 9 0 1 4
0 18 8 0 0 0
10 0 0 0 0
0 6 0 3
9 13 2
6 5
0
5 54
2 6 8 5
5 7 6
3 3
1
5 1 9 9
0 1 6
0 8
1
10 16 4 19
6 2 2
12 14
11
16 27
11 12 24 25 20 31 54 77 47 73 47 73 65 164 121
8 18 22 26 28 61 45 51 55 53 55 121 57 148
12 19 25 46 33 26 95 73 31 89 107 106 20
13 27 22 44 30 32 97 23 67 43 53 155
16 28 16 23 32 27 78 55 25 38 78
13 20 23 33 63 57 43 72 66 70
13 17 18 18 54 58 42 62 91
16 24 22 40 26 35 44 17
13 17 26 34 39 40 16
16 17 35 35 17 67
8 18 25 35 32
12 15 32 29
12 18 23
16 21
8
4 7 10 7 10 5 5 0 3 2 2 8 2 5 1
6 0 6 10 0 8 6 0 0 4 3 9 8 0
7 3 4 3 3 10 3 1 3 3 6 0 1
7 4 10 8 3 7 1 8 7 1 8 8
10 0 9 1 1 5 8 3 3 0 5
8 3 7 7 8 3 9 7 4 7
3 1 5 10 5 2 8 3 10
10 0 4 6 9 2 10 5
10 4 0 9 0 6 7
0 9 6 2 6 0
2 9 10 6 4
1 0 7 5
6 9 1
1 8
9
0 0 0 0 0 0 0 0 0 0 0 0 0 0 0
0 0 0 0 0 0 0 0 0 0 0 0 0 0
0 0 0 0 0 0 0 0 0 0 0 0 0
0 0 0 0 0 0 0 0 0 0 0 0
0 0 0 0 0 0 0 0 0 0 0
0 0 0 0 0 0 0 0 0 0
0 0 0 0 0 0 0 0 0
0 0 0 0 0 0 0 0
0 0 0 0 0 0 0
0 0 0 0 0 0
0 0 0 0 0
0 0 0 0
0 0 0
0 0
0
12 62
10 12 14 14 27 28 49 29 43 72 56
8 8 8 12 19 30 46 55 12 73
4 4 14 18 30 38 13 16 25
3 14 13 28 21 12 40 28
12 13 18 22 31 33 54
2 13 19 23 14 34
12 19 17 25 28
11 11 16 33
6 15 22
12 14
8
8 1 0 8 6 1 6 7 3 7 7
9 0 1 0 10 6 3 5 10 9
2 3 0 2 10 8 1 10 3
3 4 6 1 7 8 5 7
5 10 10 9 1 5 5
9 10 3 8 9 8
7 5 7 3 10
4 7 8 7
5 6 2
6 3
4
0 0 0 20 12 0 0 0 0 0 0
0 0 0 0 0 0 0 0 0 11
0 7 0 0 0 0 0 0 0
0 10 0 0 1 0 0 0
0 0 0 5 0 0 13
0 10 0 9 0 0
0 0 0 0 0
0 0 0 0
0 0 0
10 0
0
12 120
5 5 12 14 13 17 19 36 40 19 50
1 7 9 10 10 22 28 42 28 17
7 8 10 17 23 9 16 26 50
2 9 13 20 15 35 11 26
8 13 17 16 29 16 15
9 12 21 26 32 37
7 8 15 14 28
7 10 19 13
4 10 17
9 9
5
5 9 9 9 7 6 6 6 0 1 2
9 10 0 10 3 9 5 0 0 5
1 7 7 10 3 2 3 2 8
1 6 7 8 10 8 0 5
10 8 8 0 9 0 6
9 10 3 8 1 6
0 10 3 6 0
2 0 7 1
9 8 2
8 4
0
0 0 0 0 0 0 0 0 0 0 0
0 0 0 0 0 0 0 0 0 0
0 0 0 0 0 0 0 0 0
0 0 0 0 0 0 0 0
0 0 0 0 0 0 0
0 0 0 0 0 0
0 18 0 0 0
0 0 0 0
0 0 0
0 0
0
13 90
5 5 14 17 9 14 22 23 32 12 48 17
1 9 9 19 11 15 19 23 26 45 18
9 14 16 10 10 14 31 27 19 47
7 10 15 10 14 18 31 26 25
4 7 6 5 9 10 24 9
5 5 6 7 9 16 9
1 3 5 8 12 12
3 5 9 12 18
5 10 11 7
7 7 11
5 8
5
8 7 5 9 0 4 7 0 8 10 5 10
5 0 7 5 2 1 9 4 3 5 1
1 4 2 9 5 0 3 8 1 1
7 5 7 3 8 4 2 6 10
4 2 6 7 8 3 0 2
6 0 7 1 0 8 7
8 10 2 7 2 5
1 8 10 7 3
0 9 9 4
9 8 8
9 9
7
0 0 0 0 5 0 4 0 2 0 0 0
0 0 0 0 0 0 0 20 1 3 0
0 0 0 4 0 0 0 0 0 0
0 0 9 0 0 0 0 0 0
0 0 0 0 0 14 0 0
9 0 0 0 0 0 0
0 0 0 0 0 6
0 0 0 0 0
0 0 13 0
0 0 0
0 2
11
7 116
7 7 9 9 13 12
1 3 5 8 12
3 5 8 11
4 4 10
2 7
7
2 10 6 4 9 1
4 7 0 5 4
0 7 6 2
8 7 9
9 0
8
10 0 0 0 0 0
3 0 0 0 0
0 5 16 0
0 0 0
11 0
0
8 54
3 6 6 11 11 20 19
6 6 10 8 15 15
1 8 12 12 20
8 8 13 11
5 5 8
1 6
6
7 9 2 6 6 6 0
5 0 7 4 5 7
0 5 3 9 6
0 5 6 1
3 3 4
1 6
0
0 13 17 0 11 0 2
0 0 0 0 4 0
0 1 12 4 0
6 0 1 13
1 4 2
10 0
11
13 17
10 13 14 32 14 12 27 26 38 20 28 31
6 17 20 32 22 22 34 46 52 25 36
12 17 23 28 18 32 28 21 42 59
7 10 21 22 30 12 36 32 29
8 15 12 10 21 27 25 16
10 13 15 14 13 25 30
4 4 4 17 22 18
2 4 13 13 15
4 14 13 17
13 15 20
3 13
13
1 3 6 9 6 12 4 5 11 10 16 4
10 6 5 6 12 11 0 1 16 1 14
6 7 0 2 12 17 8 12 2 13
17 5 5 3 8 0 4 14 17
3 4 2 9 11 10 10 11
5 14 2 15 15 11 10
6 13 14 13 17 8
6 2 12 6 10
7 9 5 8
5 9 14
15 7
8
0 3 0 0 0 0 0 0 0 0 0 0
0 0 0 9 0 0 0 0 0 0 0
0 0 0 0 0 0 0 0 0 0
0 0 0 0 0 0 0 0 0
0 0 0 0 0 0 0 0
0 0 0 0 0 0 0
14 0 0 0 0 0
0 17 0 0 0
0 0 0 0
0 11 0
0 0
0
13 187
12 13 18 13 37 25 40 32 75 58 79 91
4 16 14 30 18 39 47 27 54 27 81
13 17 25 25 46 27 46 21 64 28
5 15 16 29 14 19 28 16 60
12 17 25 32 19 37 36 39
9 14 24 27 37 49 36
9 18 19 18 13 20
13 13 15 27 37
1 10 16 19
10 16 14
8 11
11
8 105 142 119 163 73 18 67 73 80 14 93
153 115 142 25 153 115 125 164 50 81 13
94 143 16 13 49 109 47 102 170 123
119 112 148 14 70 95 17 6 108
39 184 171 148 87 95 185 20
66 12 111 55 88 182 165
53 29 176 81 39 81
13 109 14 178 48
32 31 1 123
115 21 174
72 74
147
10 0 0 0 13 15 0 0 0 0 0 0
0 0 0 20 0 0 0 0 0 0 0
6 0 0 0 10 0 0 0 18 0
0 0 0 0 0 0 0 0 0
0 0 0 0 0 0 0 0
0 0 0 0 0 0 0
0 0 0 0 0 0
0 0 0 0 0
0 0 5 0
0 0 0
0 0
0
10 150
6 6 9 13 18 33 10 43 16
5 10 11 10 26 36 45 50
7 8 10 13 22 31 21
2 8 11 25 11 13
8 11 19 28 11
7 16 12 29
10 16 18
7 9
8
89 100 135 119 98 105 109 91 49
52 114 36 120 12 6 72 37
116 127 18 99 25 128 62
1 51 2 65 68 57
72 97 142 3 28
112 95 60 1
101 121 118
117 120
93
0 0 5 16 0 0 0 0 0
0 0 0 0 0 0 16 0
0 0 0 0 3 2 0
0 0 0 16 0 0
0 0 0 0 0
0 0 0 0
0 0 0
0 0
20
15 79
7 12 21 23 30 18 37 27 48 18 64 73 69 74
11 16 11 16 19 32 15 44 39 20 43 62 17
8 8 14 14 22 21 17 40 42 54 39 33
1 10 10 14 12 15 17 36 28 48 54
10 10 12 13 20 13 34 29 28 26
1 3 5 17 19 35 24 34 34
3 4 17 17 23 30 30 19
3 12 16 22 33 27 66
12 15 25 16 48 26
6 14 21 35 34
12 15 30 43
5 18 32
14 15
15
29 63 16 3 19 22 79 6 18 19 44 8 24 6
3 48 63 63 50 34 29 68 3 55 74 53 56
70 11 36 50 17 4 21 15 21 1 21 38
46 38 31 21 19 24 23 76 68 37 1
79 66 42 12 34 23 72 57 59 42
17 12 31 50 18 40 50 2 42
31 8 75 0 39 20 64 37
33 22 63 2 54 14 18
60 69 15 6 13 78
51 0 29 19 6
72 9 75 49
71 35 50
66 18
63
0 0 0 3 0 0 0 0 0 0 0 0 0 0
0 0 0 0 0 0 0 0 0 0 0 0 0
3 0 0 0 0 0 0 0 0 0 0 0
0 0 0 0 0 0 0 0 0 0 0
0 0 0 0 0 0 0 0 0 0
0 0 0 0 0 0 0 0 0
0 0 0 0 0 0 0 0
0 0 0 0 0 0 0
0 0 0 0 0 0
0 0 0 0 0
0 0 0 0
0 0 0
0 0
0
5 171
1 3 6 6
3 5 9
3 6
5
66 14 78 17
67 23 64
8 42
20
6 16 5 17
15 3 3
9 20
3
14 85
4 15 21 16 28 21 43 27 56 55 14 16 55
12 12 26 25 32 33 13 31 21 48 31 18
6 13 12 21 23 22 45 36 53 49 54
9 9 12 10 17 14 21 31 34 36
1 8 15 17 23 24 34 15 44
8 10 22 20 15 36 17 28
9 9 22 15 30 35 21
6 18 18 18 21 25
14 14 16 21 17
1 3 6 12
3 6 9
6 8
4
67 38 7 78 75 13 36 54 31 81 6 64 11
72 77 47 84 59 83 29 26 82 40 65 68
60 27 56 18 46 62 0 30 20 74 70
11 17 0 58 65 27 9 7 51 62
53 11 69 15 46 52 24 3 67
56 80 60 27 85 7 6 32
17 12 40 65 41 47 84
85 5 33 23 0 34
17 69 55 75 64
78 42 17 44
60 1 65
57 77
26
0 0 0 0 0 0 0 0 0 0 0 0 0
0 0 0 0 0 0 4 0 0 0 0 0
0 0 0 0 0 0 0 0 0 0 0
0 0 0 0 0 0 0 0 0 0
0 0 0 0 0 0 0 0 0
0 0 0 0 0 0 0 14
0 0 0 0 0 0 2
0 0 0 0 0 9
0 0 0 0 0
0 0 0 0
0 0 0
0 0
0
16 108
4 6 7 13 27 30 19 23 25 17 50 52 60 45 55
4 6 10 12 22 17 30 25 26 25 45 13 68 75
6 7 13 22 16 12 31 26 32 17 21 73 53
4 13 15 15 21 32 26 35 35 52 27 37
12 15 12 22 22 22 19 21 58 33 71
4 4 10 16 18 26 36 13 60 36
1 9 9 16 11 19 16 24 25
9 11 17 15 14 37 18 18
5 8 12 12 18 51 52
7 14 13 22 15 48
11 11 13 15 53
1 13 17 22
13 23 38
15 27
14
88 64 98 52 61 49 47 73 13 8 83 52 37 48 74
37 95 20 72 26 95 53 9 68 1 63 26 10 68
72 95 60 17 76 57 80 3 26 25 75 53 52
43 52 3 47 7 100 33 51 26 0 80 59
27 15 44 84 84 56 4 30 44 104 45
43 47 61 86 100 84 81 67 108 96
3 108 42 85 76 7 12 39 96
3 58 31 67 99 40 16 91
106 15 76 71 29 25 21
3 38 49 41 34 10
32 77 17 8 23
7 27 93 23
41 108 34
69 20
91
0 0 15 0 2 0 0 0 0 0 8 0 0 0 0
4 0 0 0 0 0 0 20 0 0 0 0 0 0
0 0 0 0 0 0 0 15 0 0 0 0 0
0 0 19 0 0 0 0 0 0 0 0 0
15 0 18 0 0 0 0 0 6 0 0
0 0 17 0 0 0 0 0 0 0
0 0 0 0 20 0 0 0 0
0 0 0 12 0 0 9 0
8 0 0 0 0 0 0
0 0 0 0 0 17
0 0 13 0 0
0 0 0 0
0 0 0
0 0
0
10 165
4 6 11 8 8 27 13 33 33
6 8 10 16 14 23 23 33
6 8 11 17 14 19 8
4 8 12 16 22 13
7 11 11 14 18
6 6 9 7
4 6 6
3 3
1
68 104 89 63 72 12 34 129 0
77 134 51 89 54 50 161 164
65 31 47 23 106 66 45
165 114 77 9 129 71
164 66 159 106 37
84 121 29 161
148 22 6
113 82
35
0 6 6 0 0 9 12 12 18
14 19 9 0 0 0 0 0
0 0 0 0 0 0 0
0 0 0 4 0 0
6 12 0 0 0
0 11 8 20
0 0 0
13 0
20
11 197
3 5 11 19 24 13 14 29 29 18
4 11 21 20 22 27 28 15 27
9 16 18 14 19 20 17 39
9 9 11 18 10 23 23
1 5 8 9 16 22
5 7 7 10 15
6 6 9 9
1 9 13
9 11
5
107 123 127 106 170 169 150 67 83 149
156 4 6 14 125 110 36 57 183
105 154 0 96 131 115 104 164
44 145 13 72 142 77 164
190 37 100 154 196 189
103 95 12 42 141
80 189 196 156
28 145 4
91 150
33
0 0 0 0 0 0 0 0 0 0
8 0 0 0 0 0 0 13 17
0 11 0 0 20 0 0 0
0 15 0 0 14 0 0
0 11 0 4 0 3
7 0 9 0 0
4 0 0 0
0 0 12
3 0
0
3 104
3 4
2
17 9
34
11 11
4
14 89
3 14 18 19 27 25 41 19 45 20 27 72 42
12 13 19 24 24 39 15 21 26 32 79 37
9 10 14 24 28 30 42 16 13 19 74
2 12 15 22 25 27 30 28 18 14
11 12 11 24 27 14 43 50 41
5 8 16 8 10 21 26 25
5 10 11 12 19 18 38
8 9 15 17 26 25
3 5 8 27 33
5 7 19 20
7 14 15
14 14
6
88 83 40 50 45 88 44 13 29 44 40 53 76
46 46 85 38 42 35 17 40 73 68 71 84
46 40 37 56 66 21 4 25 44 54 18
55 26 19 15 57 60 76 13 13 11
31 74 71 69 57 45 55 80 55
17 7 6 13 15 28 0 50
23 77 9 86 80 47 14
52 29 51 51 82 59
23 62 25 12 25
49 47 19 79
59 8 21
8 13
89
0 0 0 0 0 0 0 0 0 0 0 0 0
0 0 0 0 0 0 0 0 0 0 0 0
0 0 0 0 0 0 0 0 0 0 0
0 0 0 0 0 0 0 0 0 0
0 0 0 0 0 0 0 0 0
0 0 0 0 0 0 0 0
0 0 0 0 0 0 0
0 0 0 0 0 0
0 0 0 0 0
0 0 0 0
0 0 0
0 0
0
5 40
4 6 8 5
3 5 6
5 5
1
22 2 14 38
18 29 32
38 40
18
0 2 10 2
20 2 4
16 4
7
11 106
8 14 12 10 24 8 20 37 17 22
8 9 8 14 9 23 40 22 29
4 5 8 21 9 21 33 16
4 10 15 20 29 28 10
8 13 17 22 21 12
6 10 15 12 15
6 11 12 10
6 6 8
3 7
5
97 72 6 93 2 82 0 81 68 53
26 81 18 43 46 32 47 39 101
100 35 35 20 42 53 29 105
1 41 7 57 9 51 63
45 65 73 30 4 4
38 81 84 27 57
43 44 81 64
103 80 1
78 78
43
0 0 0 1 0 0 0 0 0 0
10 0 0 6 0 0 9 0 0
0 0 0 0 0 0 0 0
0 0 8 0 0 0 17
0 0 0 0 0 0
0 0 0 0 0
0 0 0 0
0 0 0
13 0
0
6 53
2 6 7 10 6
6 6 8 11
1 2 5
2 5
5
32 31 33 20 22
12 41 51 43
53 48 15
34 47
17
7 1 0 0 0
0 0 0 0
0 9 0
0 20
0
4 73
2 2 4
2 3
3
34 4 3
37 71
4
16 4 20
18 15
19
12 12
5 6 7 12 13 18 21 26 45 37 36
3 6 13 10 13 15 16 25 16 18
4 10 13 12 22 16 39 12 21
9 9 9 18 15 29 21 11
2 3 8 10 11 27 23
3 8 10 22 19 12
7 9 17 21 23
4 12 11 16
11 11 12
1 1
1
10 1 1 0 5 0 9 0 0 0 9
9 1 6 1 12 6 8 2 4 4
11 0 7 1 12 3 1 6 3
9 0 0 10 4 0 2 2
8 4 2 10 1 5 4
1 11 10 3 12 0
5 8 10 1 2
12 11 6 11
0 7 0
6 7
12
0 0 0 0 1 1 0 0 0 0 0
0 0 0 0 0 0 0 0 0 0
0 0 0 0 0 0 0 0 0
0 0 0 0 0 0 0 0
0 0 0 0 0 0 0
0 0 0 0 11 0
0 0 0 1 0
0 0 0 0
0 0 0
0 0
0
15 161
8 8 20 23 33 40 22 49 32 43 44 76 68 59
1 14 14 26 16 35 27 51 26 46 38 77 36
14 24 19 23 22 39 55 67 57 71 16 97
13 13 14 21 18 33 41 64 73 91 22
1 8 8 12 25 32 34 47 37 59
8 10 13 28 16 21 58 35 67
3 7 18 23 36 37 70 59
5 17 15 34 15 65 36
13 24 24 47 52 71
15 15 21 47 32
12 21 30 32
11 21 18
14 20
7
142 26 10 64 70 33 42 45 81 96 64 97 15 46
136 114 102 158 83 76 1 57 136 69 153 102 37
2 90 136 152 156 48 91 160 75 157 156 89
102 90 146 134 159 59 95 67 6 14 107
136 6 22 148 145 86 142 143 34 30
4 37 71 80 157 102 73 13 78
28 120 61 111 41 82 145 11
49 95 148 118 148 136 106
6 138 66 147 51 68
95 161 53 152 5
77 111 115 79
58 100 119
23 120
145
0 0 0 0 0 0 0 0 11 0 0 0 0 0
0 0 14 0 0 0 0 0 0 0 0 0 0
0 0 0 0 0 0 0 0 5 0 0 9
0 0 6 0 0 0 0 0 0 0 0
0 0 0 0 16 0 0 0 0 0
0 0 0 0 0 0 0 0 0
0 0 0 0 0 0 0 0
0 0 0 0 0 0 0
0 0 0 0 10 2
0 0 0 0 0
9 0 0 17
0 0 18
0 0
0
11 39
2 7 12 12 13 27 19 42 13 57
7 8 11 27 11 11 15 31 16
5 13 11 19 21 11 38 38
11 17 20 20 17 31 28
7 8 7 17 12 23
6 8 18 21 17
5 12 16 18
8 13 14
6 9
5
22 32 6 10 29 4 18 25 18 29
2 10 27 27 18 30 35 0 14
35 26 17 1 36 2 13 8
29 26 34 12 23 10 18
23 4 36 29 21 15
0 0 18 9 4
29 36 31 34
35 27 28
6 19
28
14 14 0 0 0 0 0 2 0 0
0 0 0 0 0 0 0 0 0
0 0 0 0 0 0 0 0
0 0 0 1 0 0 0
14 11 0 0 0 11
0 0 1 10 0
0 0 0 0
0 0 0
15 0
0
7 179
4 6 8 17 19 9
6 7 12 10 14
4 5 5 5
5 5 7
1 4
4
56 2 109 15 92 42
0 88 75 131 53
3 115 3 94
69 169 168
1 92
134
0 19 0 17 0 15
13 0 0 0 0
0 0 0 19
0 0 16
8 12
0
15 191
13 16 20 24 46 18 45 63 69 62 78 83 73 112
14 15 32 36 26 17 54 55 62 71 32 39 54
14 21 21 37 24 58 33 37 24 90 101 41
15 16 22 41 34 25 22 44 27 80 21
7 15 31 15 20 25 53 33 34 75
12 16 15 24 30 35 45 68 67
13 13 25 20 29 19 41 47
3 12 16 15 27 17 33
12 15 20 28 35 20
4 10 14 11 17
9 13 16 18
11 16 14
7 7
1
49 111 37 177 124 31 171 69 176 65 111 3 27 185
171 118 155 16 129 149 97 42 128 162 31 134 92
91 108 114 45 97 55 83 136 37 148 23 43
114 24 40 152 81 101 9 164 95 97 8
139 95 26 132 101 114 35 173 63 42
137 116 151 12 184 76 176 48 95
149 141 100 112 29 102 4 49
130 24 95 39 158 9 55
152 56 139 172 88 0
184 117 143 100 132
176 119 100 125
77 43 116
8 20
68
0 0 0 0 0 19 0 0 0 0 0 0 0 0
0 14 1 0 0 0 0 0 0 0 0 0 0
0 0 20 10 0 0 0 0 0 0 0 0
0 18 4 13 7 0 0 0 15 0 0
0 0 0 0 0 0 0 3 0 0
0 0 0 0 12 0 0 0 0
0 0 0 11 0 0 6 0
0 0 0 0 0 0 0
0 6 16 0 0 0
0 0 0 0 0
0 3 0 0
0 0 17
17 0
0
6 57
4 8 10 6 7
6 7 6 12
2 3 5
3 3
2
35 46 44 0 30
28 19 49 56
54 34 43
57 17
14
15 0 19 18 2
2 16 0 0
0 0 2
10 5
6
13 69
12 12 12 19 12 14 18 53 50 53 70 44
3 7 9 23 17 22 24 23 13 22 34
5 8 11 30 18 27 14 54 19 43
7 15 27 19 34 27 27 54 62
10 14 14 13 25 18 23 36
12 13 17 15 30 37 17
2 5 5 22 17 32
4 7 13 21 31
5 16 14 27
13 14 18
4 9
6
60 29 69 6 31 9 28 25 34 65 27 31
11 52 45 67 0 60 69 1 45 33 63
14 34 6 16 50 41 20 44 20 16
33 64 57 55 1 61 44 9 41
1 42 39 14 52 10 49 3
6 38 68 56 30 25 51
50 7 43 61 1 36
56 17 52 38 23
62 37 65 1
45 69 42
48 34
39
0 0 0 0 0 0 0 0 0 0 0 0
0 0 0 0 0 0 0 0 0 0 0
0 0 0 0 0 0 0 0 0 0
0 0 0 0 0 0 0 0 0
0 0 0 0 0 0 0 0
0 0 0 0 0 0 0
0 0 0 0 0 0
0 0 0 0 0
0 0 0 0
0 0 0
0 0
0
10 168
6 8 6 13 13 8 14 35 12
6 6 8 11 11 19 23 13
2 4 12 13 14 23 19
4 11 11 14 14 22
8 9 12 16 15
4 4 9 10
2 9 12
9 9
3
168 145 69 135 82 125 102 145 108
123 119 54 103 87 126 36 17
4 5 140 145 146 103 25
161 126 11 21 55 55
115 142 118 98 94
29 101 155 51
158 70 147
95 63
120
15 0 0 0 0 0 0 0 0
0 0 0 0 0 0 3 0
0 0 0 0 0 0 0
5 0 0 0 0 0
0 0 15 0 15
0 0 0 13
0 17 0
14 0
0
14 72
7 7 21 28 16 46 46 37 53 34 82 54 28
1 14 17 20 16 15 52 37 16 54 25 48
14 15 25 20 35 36 29 76 36 19 30
12 12 22 23 29 45 31 44 16 68
6 14 21 18 17 27 23 39 63
11 11 16 16 13 24 26 73
10 10 13 35 13 49 40
4 14 22 20 20 24
12 12 15 22 24
10 11 23 37
6 17 18
12 23
14
67 55 30 45 52 41 37 44 3 61 33 3 34
6 12 67 44 72 17 69 30 11 72 55 0
50 66 33 35 0 52 7 23 29 31 15
0 5 20 71 64 19 34 46 26 29
18 46 59 18 20 69 67 36 24
1 37 66 28 24 12 21 10
65 30 50 49 69 49 69
62 52 33 38 8 54
13 41 16 62 64
66 24 37 6
71 70 19
53 65
51
0 0 0 0 0 0 0 11 0 0 0 0 0
0 16 0 0 0 0 0 0 0 7 0 0
0 0 0 0 0 0 0 0 0 0 0
0 0 0 0 0 0 0 0 0 0
0 0 0 0 0 0 0 12 0
0 0 0 0 0 0 0 0
0 0 0 0 0 0 0
0 0 0 0 0 0
5 0 0 0 0
0 0 0 0
0 0 0
0 0
0
5 28
5 5 9 6
3 6 4
4 5
2
19 16 7 19
13 0 0
23 3
21
13 0 0 0
0 4 0
0 2
5
14 149
11 17 12 19 17 21 31 24 27 42 60 60 78
7 8 8 8 11 9 24 49 53 49 34 23
2 5 10 14 20 19 36 50 43 55 54
5 11 8 8 30 21 41 33 26 52
8 9 10 12 24 25 27 30 25
2 6 14 18 16 15 35 40
6 14 25 29 38 32 22
10 17 17 27 25 17
14 14 23 17 21
5 7 7 14
7 8 8
4 4
1
113 30 16 54 38 121 69 72 140 102 7 146 3
76 78 82 4 111 10 14 42 128 16 131 118
81 65 60 119 71 77 49 83 88 72 78
52 86 35 130 69 127 74 63 144 113
146 24 62 98 136 50 15 16 6
55 73 0 129 11 86 73 23
131 45 24 60 82 143 117
27 25 67 117 136 109
89 87 59 3 31
105 62 74 84
95 29 100
136 41
1
0 0 0 0 0 0 0 0 0 0 0 0 0
0 0 0 0 0 0 0 0 0 0 0 0
0 0 0 0 0 0 0 0 0 0 9
0 0 0 0 0 0 0 0 0 0
0 0 0 0 0 0 0 0 0
0 0 0 0 0 0 0 0
0 0 0 0 0 0 0
0 0 0 0 0 0
0 0 0 0 0
0 0 0 0
0 0 0
0 0
0
12 162
12 12 21 27 23 18 15 56 69 75 18
6 17 13 16 28 41 42 49 13 58
12 12 16 26 31 15 38 55 44
1 7 15 13 23 16 11 17
7 10 19 32 38 31 35
10 17 22 24 23 45
11 15 18 11 11
5 7 16 15
7 12 21
9 14
7
103 49 63 147 99 108 111 81 140 38 50
87 13 125 78 136 4 37 89 157 78
120 74 106 100 141 75 41 103 20
79 111 104 150 25 22 85 106
78 149 116 49 15 129 106
30 117 45 161 97 101
100 53 154 120 133
135 114 20 30
135 125 88
124 157
63
11 0 0 10 0 11 0 0 18 0 0
0 0 0 0 0 11 0 0 0 0
0 0 0 1 13 14 0 0 0
0 0 0 0 15 0 0 0
0 1 0 7 0 0 0
0 0 0 6 0 0
0 0 0 0 0
0 10 0 0
17 0 10
0 7
18
16 102
12 12 17 18 15 25 37 14 22 52 79 25 30 97 82
6 9 10 15 25 33 38 31 45 35 15 42 85 24
6 6 10 16 25 32 27 57 18 40 15 27 84
3 4 13 18 20 16 34 40 19 42 73 17
3 12 10 16 34 37 36 48 53 57 82
10 10 21 27 38 33 38 23 58 61
6 11 25 27 36 17 55 56 23
11 15 27 27 46 35 41 65
14 18 21 16 42 33 35
5 8 10 25 31 24
8 15 17 28 13
10 11 18 16
6 16 20
11 15
5
59 12 30 22 94 84 35 88 48 42 66 53 102 72 41
70 52 65 20 9 66 86 13 57 4 10 1 6 62
4 90 93 23 21 1 31 44 48 20 84 56 11
96 102 51 16 18 68 6 70 92 36 52 50
89 24 61 16 99 56 11 11 14 73 82
97 46 97 58 94 26 50 84 57 13
102 32 23 92 57 94 80 34 56
99 20 36 27 44 31 74 46
11 8 26 24 74 50 31
54 96 3 88 8 11
15 77 52 54 35
101 15 99 40
30 41 36
47 100
28
0 0 0 0 0 0 0 0 0 0 0 0 0 0 0
0 0 0 0 0 0 0 0 0 0 0 0 0 0
0 0 7 0 0 0 0 0 0 0 0 0 0
17 0 0 0 0 0 0 0 0 0 0 0
0 0 0 0 0 0 0 0 0 0 0
0 1 0 6 0 0 0 1 0 0
0 0 0 0 0 0 0 0 0
0 0 0 0 0 0 0 0
0 0 0 0 0 0 0
0 0 0 0 16 0
0 0 6 0 0
0 0 0 0
0 10 0
0 0
0
9 83
5 6 6 6 8 6 17 22
4 5 7 5 4 11 17
2 3 4 5 10 9
2 2 2 10 11
1 1 10 10
1 9 10
9 14
7
42 47 69 58 80 56 25 61
59 63 28 32 75 74 36
16 34 19 9 66 11
26 49 26 10 68
17 24 18 50
70 16 66
64 17
26
0 8 0 0 10 0 0 2
0 0 0 0 0 0 0
0 0 0 0 18 0
0 3 0 19 0
0 3 0 0
0 0 0
0 0
0
9 20
9 14 20 18 15 18 23 11
9 11 19 21 15 20 11
5 9 13 16 7 13
7 8 9 12 20
2 5 5 13
4 4 8
1 8
8
13 4 17 19 6 0 3 0
16 19 12 16 3 20 20
12 13 1 16 0 0
11 7 4 18 11
6 4 9 19
5 15 3
17 17
12
18 0 0 0 0 0 0 0
0 5 0 0 0 0 1
0 0 5 0 0 1
0 1 0 12 0
0 0 0 0
0 0 6
0 0
1
7 59
1 6 6 6 9 10
6 7 10 14 16
2 6 5 11
5 9 10
5 5
1
46 40 49 7 11 0
37 40 34 19 4
40 36 51 43
21 1 32
52 16
44
20 0 0 19 0 16
8 12 0 0 4
0 0 0 0
0 10 0
0 0
5
9 135
6 6 11 20 14 10 11 16
6 9 9 11 14 8 15
8 15 14 16 12 23
8 12 13 13 15
5 5 6 7
1 4 4
4 4
4
58 67 12 7 5 18 17 52
101 53 9 127 54 62 126
82 2 104 50 103 37
20 86 50 89 72
24 50 25 43
75 3 132
129 80
134
0 0 0 0 0 0 0 0
0 0 0 0 0 0 0
7 0 0 0 0 0
0 0 0 0 0
0 0 0 0
0 0 0
18 0
0
6 121
2 3 4 6 13
2 2 7 10
1 5 8
5 7
5
72 38 111 28 66
32 35 72 60
113 67 76
91 62
52
14 0 19 16 6
0 11 20 8
15 7 15
18 18
0
12 117
6 6 12 20 13 21 37 24 13 27 21
3 8 18 19 30 31 30 27 42 44
7 13 17 18 14 37 32 12 23
10 16 19 25 30 13 34 48
12 14 13 20 21 23 21
4 4 8 10 17 13
1 6 8 10 27
6 7 15 24
2 8 12
8 18
12
45 104 85 67 12 6 51 34 91 22 92
95 5 95 68 8 12 76 16 112 88
73 38 104 74 17 98 39 92 8
115 17 26 27 29 70 62 3
7 41 98 107 52 56 28
27 23 5 88 63 2
97 105 92 39 6
108 1 20 42
27 116 16
40 68
109
0 0 0 2 0 0 16 3 0 11 0
15 0 0 0 0 10 0 7 0 0
0 0 18 0 0 2 4 0 8
0 0 0 0 14 0 0 0
0 0 0 0 15 0 0
4 0 7 0 0 0
0 0 5 0 0
0 0 0 0
0 0 0
0 0
12
9 45
6 8 14 7 17 29 11 23
5 5 7 10 15 23 25
4 6 10 10 11 29
6 8 11 17 14
6 9 11 17
7 7 11
2 10
9
8 34 8 25 13 34 33 25
19 27 2 5 42 18 22
11 38 0 25 17 13
40 2 30 35 16
41 15 39 3
34 9 15
27 4
35
8 0 0 0 12 0 0 0
0 0 18 0 0 0 0
0 0 0 0 4 0
0 0 0 0 4
0 5 0 0
0 10 14
0 3
0
