50
1 50 1000
20 500 5
1 50 1000
25 500 5
3 100 1000
50 50 25
25 150 24
75 150 24
1 100 100
50 50 49
41 65 506
35 354 5
27 306 23
26 110 18
15 387 12
29 470 28
16 167 13
13 67 5
28 80 8
49 203 7
40 332 6
21 12 5
25 244 21
56 187 7
6 84 2
50 148 7
37 416 5
55 86 9
34 53 5
21 198 17
47 75 2
54 126 8
57 420 5
47 345 6
29 29 9
6 261 3
16 275 9
10 354 8
60 107 2
51 265 4
55 451 2
37 140 4
61 133 1
51 175 2
8 430 6
44 379 11
56 50 1
10 330 2
15 50 2
63 104 1
59 210 1
26 358 2
57 31 294
15 40 14
23 167 4
16 62 3
6 234 4
15 92 14
12 255 9
13 15 4
18 122 2
14 220 9
15 272 6
15 141 10
6 168 2
24 129 2
15 238 4
8 62 4
24 278 1
4 121 1
26 233 2
25 122 4
27 249 2
15 187 8
8 206 5
9 151 1
26 288 2
28 78 1
27 156 3
27 282 2
23 10 4
11 114 7
11 127 4
21 210 3
12 286 4
4 106 3
25 67 5
11 196 1
14 161 1
26 175 4
18 200 5
6 179 4
5 276 1
19 244 2
11 56 2
16 176 2
2 272 1
22 58 1
5 157 2
15 74 1
24 275 1
27 264 2
27 213 3
22 247 1
8 21 1
15 56 1
28 226 2
28 134 2
19 74 1
11 173 3
74 78 951
33 287 24
39 157 37
36 865 28
37 754 33
3 518 1
41 605 12
47 111 1
17 616 2
34 532 29
43 653 31
38 390 23
37 57 25
18 920 9
38 106 3
3 841 1
9 353 1
68 859 3
31 230 14
38 327 6
68 447 1
24 469 9
46 345 11
28 431 14
58 259 7
40 258 3
68 588 5
51 918 12
52 106 6
71 496 3
67 22 8
49 490 2
9 122 3
25 830 7
52 450 10
73 547 3
24 574 14
27 701 18
18 415 4
5 58 1
18 10 4
27 414 2
64 205 13
10 111 4
13 219 3
8 798 4
61 894 4
3 596 2
4 670 2
59 606 5
76 293 1
59 704 8
65 315 8
37 813 4
22 115 8
38 210 2
6 393 1
33 488 2
63 419 1
17 809 4
53 826 12
9 257 6
31 930 7
60 793 5
72 123 3
64 110 4
7 45 2
6 606 4
75 354 1
12 40 1
54 367 4
22 202 8
70 712 4
69 382 3
73 77 3
43 70 459
34 311 31
19 360 6
55 18 11
28 167 19
35 111 2
44 77 15
38 435 6
41 208 23
26 385 1
31 364 4
57 45 8
61 393 6
58 154 9
14 99 1
16 255 7
10 388 5
45 250 16
19 80 5
44 46 1
22 423 5
67 143 2
32 38 7
19 349 2
23 247 3
55 350 12
39 417 1
26 413 5
3 364 2
39 372 1
46 128 15
20 129 9
7 373 3
10 13 9
24 437 6
20 276 6
7 453 5
24 91 1
11 396 2
31 96 2
5 190 4
44 381 9
29 447 1
23 27 6
13 47 964
24 185 19
27 885 16
18 452 4
26 755 20
23 656 22
17 219 7
32 505 13
22 793 18
43 217 3
24 29 20
36 342 1
28 285 18
9 424 8
44 62 703
39 412 21
24 80 9
39 232 20
20 203 2
24 669 4
41 22 15
19 305 2
53 433 3
37 615 22
43 688 9
24 105 5
42 120 8
34 173 9
17 50 7
35 369 20
54 56 5
44 464 14
43 295 10
8 489 3
9 594 8
43 548 4
36 313 6
15 568 13
33 147 15
9 652 6
11 221 1
39 54 10
23 284 6
16 432 5
6 35 4
30 649 6
55 569 2
48 579 3
49 97 6
23 520 18
56 92 2
11 392 5
34 542 1
5 457 4
14 128 4
56 676 1
51 155 3
12 325 7
19 494 6
66 61 933
35 403 13
25 876 20
58 610 2
34 297 25
28 341 10
41 121 17
46 427 12
19 425 10
53 454 3
54 82 3
50 712 4
21 801 19
34 41 14
30 200 27
15 517 12
27 626 19
13 42 4
48 853 10
19 731 17
46 891 3
35 476 24
45 68 13
41 566 15
12 356 4
18 689 4
40 668 18
58 130 1
54 511 5
32 154 5
31 694 7
23 263 7
19 21 8
33 87 8
52 531 6
7 539 6
28 825 3
44 368 13
7 852 4
28 361 4
48 446 2
14 919 7
36 442 5
50 237 8
56 42 2
43 325 4
8 108 3
41 760 10
44 169 2
17 600 1
12 408 7
49 94 8
10 79 6
22 767 6
55 927 4
52 778 4
52 250 5
54 645 5
55 134 1
30 829 1
29 383 3
20 376 1
50 539 2
49 809 10
30 710 4
37 15 2
11 252 6
72 27 478
13 107 9
13 136 10
12 404 9
12 271 4
10 219 4
15 445 8
14 87 2
9 185 8
5 254 4
7 325 2
23 226 1
14 381 10
22 297 3
15 24 6
23 329 3
12 344 7
19 93 2
21 270 5
6 55 5
16 322 1
9 40 1
11 64 5
12 288 7
18 207 4
10 155 9
12 229 5
19 32 2
11 309 7
23 69 1
12 462 7
7 90 2
4 433 2
18 11 4
18 166 4
19 455 2
23 188 3
21 177 5
16 425 7
17 247 9
3 177 1
23 214 2
5 175 1
24 170 1
14 362 6
22 316 4
11 336 1
6 8 1
15 56 2
21 122 3
5 471 4
13 5 2
9 121 4
23 264 1
15 318 1
23 342 1
3 220 1
18 333 2
13 324 2
11 78 5
21 325 1
3 449 2
18 44 8
23 368 3
7 298 1
3 370 2
9 238 2
18 66 1
21 279 3
12 202 1
2 198 1
22 147 4
13 260 1
61 52 277
6 237 1
27 17 4
24 167 23
22 66 13
37 217 11
27 108 16
26 247 14
13 44 1
23 132 4
22 7 6
11 198 2
33 43 12
6 16 4
36 198 7
23 205 5
18 27 8
24 126 1
39 15 3
47 138 3
5 222 4
7 84 6
40 11 1
44 231 3
10 46 1
16 223 2
45 18 1
12 213 7
46 121 4
44 25 6
48 177 2
6 244 4
34 231 3
7 134 1
49 188 1
18 89 4
37 128 5
7 270 3
47 49 3
3 112 2
4 35 3
44 99 2
23 218 2
44 82 2
7 250 2
33 141 4
38 266 3
28 272 3
17 14 1
48 240 2
45 63 4
13 265 1
14 10 1
6 122 1
8 47 1
42 93 1
45 128 2
22 222 1
46 260 5
47 109 4
5 103 3
12 132 3
49 95 470
19 189 13
67 114 21
17 101 4
55 42 16
75 153 14
41 368 32
43 11 3
20 405 2
39 413 1
56 208 2
36 158 13
34 273 14
39 428 7
65 246 25
32 199 2
58 315 17
54 82 4
72 71 9
87 64 1
72 444 20
20 120 5
72 14 6
67 289 5
60 156 1
75 392 5
85 265 1
78 278 1
56 196 9
81 191 12
19 157 3
43 80 4
85 277 3
16 34 8
49 435 3
14 213 7
22 169 1
79 48 5
34 79 5
36 110 10
25 50 8
65 59 3
39 455 9
83 418 8
2 413 1
64 79 2
44 179 2
81 377 2
82 337 7
24 235 14
13 73 163
35 150 3
37 112 21
61 44 10
23 81 12
51 9 8
13 17 8
40 147 1
14 147 6
18 49 14
64 24 6
44 65 10
5 86 1
7 74 1
54 46 945
29 717 16
38 938 1
21 449 17
34 352 9
28 417 11
23 768 21
26 94 18
37 154 6
16 127 7
25 224 20
43 35 2
15 558 13
15 377 12
26 53 11
26 574 2
9 347 5
24 276 21
20 644 14
26 318 18
12 190 9
22 495 2
29 902 7
32 15 4
33 680 4
8 839 1
43 174 1
14 826 8
14 484 10
37 590 7
36 699 2
35 556 7
42 846 3
20 698 2
30 811 13
9 855 6
31 743 1
8 46 5
29 531 14
24 877 14
5 816 4
34 124 7
42 786 3
16 733 2
26 668 5
6 504 2
9 517 4
7 619 6
31 617 13
15 31 8
27 503 7
10 295 2
8 328 2
27 490 2
11 925 7
36 89 998
49 491 29
50 859 1
56 158 5
56 847 8
79 434 8
35 424 16
53 213 23
14 594 6
45 647 35
55 579 20
41 915 23
14 115 4
18 776 3
35 716 3
25 395 1
72 735 11
35 550 3
32 100 4
45 375 8
26 815 2
40 964 4
56 73 25
41 293 30
37 124 16
67 936 7
76 704 11
14 209 3
38 175 7
32 832 4
41 340 1
3 551 2
40 332 6
41 733 6
51 827 8
34 28 11
29 194 6
0 58 114
90 57 84
26 32 19
52 78 4
30 73 9
20 60 1
45 39 1
16 79 4
48 46 4
46 70 1
4 40 3
43 10 7
8 46 1
16 8 1
12 67 5
23 8 4
6 74 2
28 11 1
50 27 4
24 62 1
5 14 1
39 2 1
30 3 1
55 22 1
11 82 1
54 50 1
51 71 3
34 57 1
51 32 1
3 33 1
36 5 1
42 62 7
46 80 2
5 61 1
43 70 1
2 17 1
3 4 1
10 14 2
11 3 2
4 20 2
46 52 2
29 57 2
17 61 2
50 37 4
43 76 1
17 71 1
51 63 1
13 11 1
10 79 1
5 69 2
8 4 1
35 11 1
55 60 1
21 54 1
23 58 2
52 11 2
11 51 4
15 73 1
22 64 1
52 61 1
46 20 3
52 2 1
3 63 1
12 8 2
21 78 1
17 53 1
4 57 3
54 66 2
10 60 1
8 43 1
2 49 1
31 62 2
32 53 1
54 19 2
5 9 1
6 16 1
14 58 1
51 55 3
17 13 1
26 53 1
15 3 1
47 77 1
35 82 1
43 54 1
30 7 1
37 52 2
7 18 1
55 9 1
55 44 1
27 60 1
28 54 1
3 13 1
66 99 919
48 648 17
59 155 25
16 276 11
13 395 7
28 567 7
53 87 38
32 513 31
50 400 3
52 564 11
30 737 18
81 417 1
44 205 3
65 446 28
37 803 5
58 695 29
65 206 13
11 98 5
90 258 8
15 225 8
22 186 18
62 832 1
29 31 2
64 32 11
58 861 20
2 247 1
84 355 11
91 606 1
70 758 23
7 440 5
84 399 14
85 293 8
45 824 17
52 17 6
60 278 5
54 790 5
41 291 4
56 806 2
75 383 1
49 384 9
28 341 16
46 248 17
61 319 8
23 615 3
67 623 13
80 498 1
22 416 12
15 454 10
55 584 2
21 591 4
84 215 2
18 891 15
59 890 7
2 39 1
45 909 8
11 634 7
24 665 12
19 13 8
90 114 3
83 785 3
17 647 7
71 306 3
39 281 5
20 139 5
12 299 9
77 899 2
77 880 4
15 55 243
15 28 13
20 192 15
13 89 9
24 151 23
33 107 11
8 233 3
27 63 19
52 178 2
42 217 8
27 213 2
8 115 6
30 32 2
31 221 2
39 182 1
30 236 4
13 65 562
38 298 25
23 149 18
36 420 20
28 98 16
34 377 6
38 254 16
29 55 20
24 535 15
10 227 4
41 208 2
12 483 3
46 537 4
8 319 1
72 15 712
7 134 6
7 468 3
10 78 4
8 522 4
3 202 2
10 500 3
9 282 3
9 63 4
5 104 2
8 592 6
3 220 2
10 612 3
8 674 2
7 623 6
6 561 5
2 189 1
6 111 4
4 391 3
11 400 1
9 335 5
5 508 2
5 547 4
5 644 4
11 648 3
8 579 1
3 426 1
8 453 6
9 485 2
6 358 3
9 297 1
9 375 4
4 247 2
4 419 3
5 574 2
7 235 3
9 262 1
6 153 3
8 16 5
10 666 1
4 166 2
6 292 4
6 536 1
3 466 1
12 347 2
9 608 1
3 255 2
4 484 1
5 534 1
9 42 5
8 399 2
4 610 3
2 653 1
7 309 6
7 190 2
3 34 2
8 215 1
6 272 2
3 22 1
5 5 1
8 91 4
10 418 3
11 362 1
13 103 1
6 347 3
9 635 5
8 685 2
5 494 2
8 438 1
4 542 1
8 199 3
10 225 3
10 56 2
94 78 665
31 152 12
26 222 24
39 381 11
33 448 16
39 26 17
42 526 23
24 275 3
38 332 15
23 572 22
56 233 6
49 180 1
43 644 17
13 296 5
63 587 14
38 105 29
15 398 10
56 278 14
22 61 11
42 308 8
73 13 1
45 399 1
14 26 5
59 363 8
69 346 8
58 485 9
61 499 5
32 480 14
65 653 6
64 137 12
4 604 3
39 601 2
62 630 2
56 608 6
58 465 6
43 72 3
17 5 1
55 46 2
5 113 2
61 61 12
4 262 1
23 136 2
68 397 5
73 50 3
56 171 10
7 360 5
11 343 5
45 61 1
26 282 4
59 302 1
29 295 2
45 261 2
4 645 3
8 548 4
28 365 5
66 607 4
32 178 13
16 621 13
39 359 2
10 372 7
46 53 1
74 571 3
58 426 13
10 536 4
69 376 6
72 327 4
10 641 4
70 307 6
40 614 5
63 644 2
32 5 3
31 285 1
36 621 3
57 564 5
49 245 1
17 303 2
56 7 4
51 376 1
59 202 13
27 253 1
53 501 2
71 478 5
11 184 8
35 254 2
63 336 2
10 82 5
53 349 5
69 184 2
55 391 1
6 93 4
24 307 2
63 554 6
16 16 2
75 229 1
4 75 3
11 90 39
26 6 2
45 25 10
88 28 1
24 18 8
18 6 5
70 21 12
71 36 1
7 18 5
6 6 5
26 34 4
78 6 3
46 65 105
10 84 6
28 18 16
48 79 5
46 62 3
28 62 13
15 102 2
53 33 6
32 80 5
36 40 6
14 44 5
55 11 7
27 93 3
51 43 4
21 44 1
34 95 1
56 100 3
6 19 3
4 52 2
26 35 1
62 88 2
26 89 1
4 62 1
45 88 3
43 49 1
3 69 1
62 98 2
24 46 2
19 76 1
58 62 2
54 94 2
23 80 3
58 93 1
2 56 1
22 75 1
22 90 1
13 56 3
59 68 2
59 42 4
56 57 1
23 100 2
5 7 4
11 38 1
52 66 2
6 30 5
62 51 1
49 54 3
98 40 628
14 422 1
18 123 16
20 512 2
32 274 1
22 84 7
19 453 15
16 152 12
9 562 4
8 254 7
21 234 12
24 303 11
21 347 18
17 403 15
11 595 10
26 265 8
11 74 6
33 504 2
14 538 10
22 529 2
23 55 4
20 186 17
15 55 2
15 29 1
3 271 1
28 476 8
28 315 1
32 280 3
8 491 7
9 501 2
27 287 5
12 578 2
21 37 1
28 579 8
12 277 5
29 376 10
5 361 1
16 294 1
30 561 9
24 608 6
18 427 3
17 273 1
12 321 2
15 479 2
17 216 2
14 42 2
23 28 4
29 426 7
16 554 6
31 37 8
26 523 4
7 328 3
11 372 1
21 279 2
37 484 2
10 9 8
4 431 2
18 95 1
21 495 5
31 213 6
5 623 1
18 257 1
8 520 7
34 492 5
16 570 4
9 368 1
22 11 1
32 438 3
34 509 1
16 385 3
33 17 5
3 340 1
28 102 1
15 211 2
24 510 1
35 94 1
29 67 8
23 15 3
34 395 2
38 335 1
22 323 2
36 601 1
3 445 2
5 381 3
33 318 3
4 264 1
35 80 1
36 147 2
28 221 1
8 210 4
9 467 2
5 298 3
28 515 2
29 25 2
31 621 2
35 526 3
6 302 1
11 613 4
16 66 3
51 10 771
2 393 1
5 256 3
5 84 4
5 690 4
6 600 2
5 421 3
4 505 2
5 40 4
6 628 2
5 148 3
4 555 2
5 568 4
2 488 1
3 20 1
5 379 1
7 295 2
7 407 2
5 324 4
5 198 4
4 588 3
3 234 2
3 410 2
7 97 2
6 274 2
2 461 1
5 356 4
6 739 3
4 704 3
3 457 2
6 486 3
6 22 1
6 450 3
5 714 4
4 644 3
7 337 2
7 527 2
6 289 2
5 465 2
4 541 2
7 401 2
5 163 4
3 494 2
3 138 1
8 181 1
7 138 2
4 616 1
5 441 2
6 265 2
6 761 3
3 192 2
5 666 3
92 72 390
45 167 17
25 199 1
24 323 13
24 217 6
35 77 31
50 29 11
63 268 5
10 325 1
42 190 6
29 128 16
55 288 15
45 341 9
61 145 3
33 359 9
55 121 8
14 288 3
26 20 10
45 224 15
25 300 9
61 218 2
18 240 10
54 313 8
43 146 1
49 372 5
66 234 5
54 197 2
3 251 2
19 349 1
29 252 6
21 44 2
4 258 2
12 158 8
52 385 1
13 271 8
18 353 2
19 360 3
58 343 3
10 35 4
40 8 2
33 267 2
14 188 10
8 215 6
58 108 3
56 250 12
33 309 2
57 12 4
69 303 2
41 275 2
18 387 2
38 242 1
50 326 3
37 382 3
70 100 1
16 25 1
8 118 5
6 134 4
61 366 6
3 342 2
66 202 3
34 32 1
52 359 3
29 180 1
14 28 1
60 323 2
65 183 4
32 380 2
23 35 4
57 326 2
14 46 4
30 5 1
39 377 2
5 358 3
62 50 6
39 209 1
10 15 6
36 272 2
7 290 4
22 178 2
26 280 2
9 105 1
15 370 4
7 365 2
64 10 2
28 339 3
57 135 6
64 376 2
46 268 2
14 340 6
38 39 1
52 269 1
31 154 2
10 353 4
60 60 849
30 767 25
33 325 26
34 239 21
24 700 19
22 642 18
25 80 21
42 466 14
38 392 13
17 103 1
27 278 2
26 25 22
19 196 10
30 561 29
36 606 5
30 265 2
9 239 1
45 662 4
48 189 11
6 666 5
12 231 1
33 139 15
19 406 9
51 416 7
43 423 3
47 102 2
13 441 7
21 600 6
31 510 11
40 483 2
15 461 7
37 368 1
52 448 4
33 113 8
11 56 6
28 440 8
34 811 16
51 795 2
8 10 1
9 292 4
52 789 3
6 285 1
6 424 1
13 220 3
44 831 5
37 174 6
16 179 5
18 153 3
47 732 8
8 833 1
57 747 2
6 155 3
54 503 5
54 112 4
50 641 9
17 729 4
28 58 1
47 623 8
2 56 1
43 717 6
23 275 1
82 73 234
27 29 8
60 68 10
36 224 9
66 89 1
58 47 9
58 208 1
26 104 14
46 179 24
49 209 2
3 54 1
20 69 1
56 103 10
36 52 4
25 18 3
35 142 9
19 137 1
43 5 3
6 16 5
43 119 2
61 229 3
58 86 5
9 67 4
60 20 2
66 202 3
30 71 3
17 150 8
19 75 4
34 17 1
20 159 1
41 66 9
57 26 4
44 135 1
12 210 6
14 182 8
13 42 5
17 119 3
20 54 7
44 52 3
23 4 1
11 134 5
40 39 2
15 219 2
3 101 2
47 141 3
3 198 2
22 158 1
29 154 2
49 76 2
57 134 9
48 39 1
3 4 2
18 165 4
3 153 1
42 112 2
28 205 7
5 119 2
20 222 1
48 30 2
61 220 4
31 40 3
24 11 2
58 212 2
7 5 1
19 213 1
29 65 1
63 212 1
18 194 4
51 114 2
12 199 2
25 219 3
2 22 1
44 46 1
68 229 2
47 91 3
38 89 3
52 219 1
7 200 1
17 201 1
29 213 1
61 145 2
46 207 1
48 22 2
88 9 495
6 459 2
5 40 2
5 8 1
4 257 2
4 346 1
5 157 2
4 358 3
5 73 2
6 91 2
3 200 2
5 309 3
6 228 1
3 317 2
3 14 1
2 331 1
6 213 1
4 274 2
5 252 2
3 323 2
4 435 1
4 185 3
4 168 3
4 293 2
5 94 1
2 139 1
4 465 3
5 243 3
4 405 3
4 32 1
5 162 1
5 105 3
6 46 1
4 53 2
2 60 1
5 473 3
4 148 2
3 442 2
4 133 2
6 197 2
7 126 1
3 25 1
3 362 1
5 486 2
5 350 2
5 396 3
2 354 1
5 174 3
6 389 2
3 482 2
7 329 1
2 236 1
6 98 1
6 372 2
6 64 1
6 422 2
6 248 1
7 152 1
2 284 1
2 64 1
6 417 2
3 328 1
6 271 1
2 218 1
5 430 2
5 300 3
4 283 1
4 380 3
5 425 1
6 143 2
4 179 1
5 114 2
3 192 1
2 436 1
6 86 1
2 96 1
2 152 1
7 216 1
3 81 2
4 68 3
2 426 1
4 392 1
4 340 2
6 448 2
3 278 1
7 342 1
7 489 1
3 289 2
3 209 1
16 96 555
42 266 40
63 342 11
53 140 37
39 325 1
75 52 16
52 379 26
72 220 12
45 52 13
14 443 4
19 192 12
48 518 22
25 33 11
45 460 30
65 186 7
77 346 2
55 87 10
0 65 234
41 35 304
15 20 14
15 158 11
14 113 11
22 211 3
9 249 1
26 282 5
16 296 3
16 66 8
20 222 7
9 133 2
18 180 3
23 263 5
2 252 1
26 183 3
20 51 1
31 12 3
21 248 4
26 78 6
15 301 1
33 59 1
14 202 8
15 96 6
3 152 1
33 147 1
30 167 4
15 40 2
26 44 8
23 191 1
8 142 3
8 91 1
5 35 1
18 141 5
30 103 1
9 282 3
11 242 5
29 257 3
28 8 1
3 224 2
10 83 1
32 180 2
30 92 1
60 37 865
19 312 13
31 238 2
21 225 14
7 393 2
24 189 7
27 854 9
13 172 5
30 482 2
25 349 6
18 261 17
20 574 16
16 666 14
22 123 13
22 61 10
19 545 2
4 427 1
24 707 3
28 715 5
13 340 3
33 396 1
6 616 1
14 692 12
26 798 10
16 199 1
21 386 13
25 746 3
26 742 1
7 733 3
33 29 2
11 36 3
7 209 3
22 773 13
11 496 8
27 490 3
8 839 6
18 441 15
4 681 2
9 559 1
2 157 1
16 41 3
27 524 8
14 90 2
26 601 3
19 728 5
13 643 9
21 618 10
17 294 4
11 469 10
12 808 6
29 642 5
11 421 6
13 853 4
3 508 1
31 834 1
15 511 7
30 357 2
17 407 7
3 723 2
16 29 4
20 11 9
100 52 405
15 299 13
31 88 17
19 255 16
24 159 20
24 230 5
41 380 3
15 316 2
28 338 19
39 219 8
7 193 1
11 230 6
23 22 3
28 53 13
24 198 16
10 325 1
29 18 2
11 375 8
13 110 10
35 309 8
44 126 6
13 126 5
15 12 8
33 8 4
8 74 3
43 172 2
7 54 1
47 43 3
40 111 6
44 236 5
13 95 2
36 123 2
39 365 3
28 385 6
49 303 2
14 42 4
46 204 2
47 353 2
37 17 2
4 131 2
39 39 2
4 144 3
49 103 1
37 30 7
38 285 5
44 10 4
38 265 2
9 88 1
45 386 1
41 182 4
25 314 1
24 124 5
45 50 3
48 259 2
48 297 3
27 117 2
6 59 3
16 320 2
24 281 7
5 43 2
24 316 1
37 390 4
49 156 2
34 361 3
49 187 2
23 364 2
12 25 2
5 224 1
48 244 2
44 69 3
47 36 3
50 121 1
13 30 1
7 277 1
9 141 2
9 392 6
26 26 1
34 295 5
21 219 5
4 187 1
9 346 1
10 359 7
43 248 4
40 398 4
7 331 2
22 33 1
37 257 2
46 269 4
49 280 2
32 367 2
5 345 1
49 12 1
11 282 4
17 73 2
34 232 2
44 104 2
42 20 3
26 134 4
48 165 3
23 115 1
49 93 1
70 81 17
32 2 1
16 11 1
59 9 3
63 3 2
10 12 1
52 7 2
28 3 2
9 6 3
71 6 1
43 11 4
23 11 5
18 3 1
4 13 1
64 12 1
47 5 1
58 14 2
74 10 3
35 12 1
32 12 1
15 7 1
40 2 1
33 10 1
36 8 1
67 8 2
55 2 1
33 4 1
34 14 1
52 12 1
3 4 2
44 4 2
11 14 1
30 8 2
69 13 2
11 10 1
3 15 1
15 14 1
5 11 1
77 4 2
66 14 1
49 6 1
11 2 1
50 10 1
17 9 1
49 14 1
13 5 1
56 5 1
79 7 1
8 2 1
51 2 1
21 4 2
49 3 1
36 15 1
24 5 1
59 3 1
61 15 1
36 3 2
2 8 1
29 15 1
39 6 2
73 14 1
51 15 1
69 3 1
25 2 1
53 4 1
78 15 1
13 8 1
78 12 1
54 13 1
7 10 1
34 6 1
79 22 205
8 22 3
9 171 1
7 119 3
8 82 2
16 110 4
13 180 3
5 175 1
12 196 8
14 152 5
17 132 3
5 19 1
14 15 6
14 40 7
7 88 1
12 117 1
16 168 1
10 61 8
20 69 1
12 136 3
20 49 1
4 138 1
16 99 4
12 104 2
14 78 5
15 29 1
16 51 3
19 84 2
10 98 1
4 158 3
13 172 3
10 164 5
3 87 1
3 187 2
5 133 1
6 127 5
16 122 5
7 114 1
4 34 2
10 93 3
2 174 1
2 53 1
3 102 1
4 74 3
4 178 2
5 105 1
19 88 1
8 86 1
7 46 1
8 51 1
3 81 1
3 17 1
5 148 2
13 72 1
6 37 1
4 23 1
2 133 1
11 5 4
20 147 1
3 143 2
7 79 1
7 99 1
19 94 1
18 138 3
5 10 3
19 167 1
11 143 3
8 106 2
3 182 2
7 135 1
8 97 1
3 78 1
4 48 2
19 161 1
18 28 1
20 25 1
5 27 2
18 128 1
10 85 1
16 93 1
23 19 847
7 376 5
5 683 4
4 289 2
10 102 8
12 518 6
17 482 1
8 408 5
11 238 5
10 439 6
8 694 7
4 452 3
10 309 8
10 741 1
6 747 1
10 791 4
9 169 7
13 657 3
8 271 6
15 396 2
10 469 2
10 721 1
9 774 8
13 450 4
9 75 541
31 258 24
37 50 20
35 436 33
57 503 15
10 13 7
36 146 32
9 376 5
30 526 14
29 356 21
72 26 322
10 248 8
11 306 8
17 14 7
11 272 3
10 74 9
12 221 10
12 110 10
19 197 4
13 40 12
13 179 4
16 95 2
14 147 10
15 121 1
19 165 4
12 196 2
20 294 5
22 238 3
19 313 2
10 203 5
23 98 1
7 11 1
19 125 3
10 296 1
22 157 2
6 277 1
11 89 5
5 231 2
23 26 1
4 156 3
9 284 5
13 131 5
2 211 1
11 163 4
20 211 2
9 5 3
13 264 4
16 59 1
20 119 1
18 275 4
4 97 3
20 231 1
4 166 3
6 316 1
19 53 1
19 188 1
6 260 4
5 179 2
17 236 1
22 191 2
16 283 1
11 235 1
23 86 1
23 249 1
16 240 1
23 307 1
17 24 2
4 7 2
21 178 1
4 237 2
8 21 4
23 6 1
18 320 1
23 182 1
23 160 1
8 64 1
4 274 2
3 314 1
11 293 1
5 186 2
23 212 1
20 135 2
24 184 1
56 26 336
12 8 7
5 95 3
18 294 7
13 147 6
14 79 8
14 271 11
11 243 6
3 140 2
14 55 10
21 241 2
16 99 5
15 314 4
15 177 10
21 136 2
12 324 5
5 331 3
19 30 1
16 215 9
17 114 5
11 159 2
16 305 2
5 253 1
17 197 2
24 45 1
9 24 6
22 20 1
9 302 1
18 160 3
4 133 3
9 107 4
22 29 2
8 284 2
21 189 2
11 198 3
12 122 1
6 169 1
14 32 1
3 261 2
22 67 2
13 233 3
10 311 1
5 185 1
17 128 4
5 304 3
2 286 1
22 38 3
6 43 1
18 17 1
23 247 1
7 161 1
22 72 2
2 60 1
9 255 2
3 79 1
22 144 2
16 230 1
4 58 164
23 87 20
45 139 10
35 155 3
21 120 6
89 39 439
7 60 1
19 176 7
31 126 6
19 34 15
8 417 7
33 418 2
17 319 16
12 107 6
20 370 17
11 219 10
33 150 5
23 280 12
25 251 5
15 392 1
12 78 5
13 57 5
8 268 2
28 115 4
13 197 11
26 237 9
28 399 1
19 90 8
5 293 1
15 141 14
37 4 1
25 407 7
14 252 5
9 340 1
30 260 4
37 108 1
31 215 1
33 65 4
14 71 2
10 5 1
13 120 3
28 297 5
8 172 3
30 83 2
19 185 1
4 207 2
7 300 3
26 74 6
5 260 2
29 200 3
7 94 1
9 126 1
15 12 3
32 340 5
25 215 2
33 186 2
13 340 1
22 344 1
28 211 2
35 409 2
12 98 2
16 401 3
11 347 5
33 164 3
22 164 4
29 392 6
9 432 2
3 337 2
7 305 1
35 196 3
36 256 1
5 404 2
10 262 2
4 116 2
30 175 4
22 399 1
10 235 1
4 251 1
27 104 7
37 295 1
21 9 2
4 77 3
8 118 1
30 20 1
35 88 3
22 263 4
33 94 3
10 159 4
30 6 2
5 122 2
23 429 6
35 321 1
12 437 1
23 15 3
32 169 2
89 95 82
31 39 8
91 31 1
70 50 7
55 66 10
73 30 11
31 9 5
26 56 8
56 38 2
10 66 1
33 68 3
26 25 2
58 16 1
16 14 9
14 68 1
80 11 2
28 78 3
75 58 1
93 79 1
38 54 4
81 73 6
66 10 4
89 64 2
87 47 3
61 42 2
46 55 1
54 11 5
36 24 4
70 67 2
14 37 8
83 57 6
84 41 3
4 63 3
52 54 2
15 60 1
43 12 2
67 71 2
26 20 2
77 44 2
48 42 5
13 25 2
11 54 6
43 35 2
36 31 1
56 48 1
92 59 1
55 27 1
75 17 1
86 8 1
66 78 3
4 71 1
27 67 1
45 58 1
93 71 1
71 76 1
34 77 1
19 69 1
81 15 1
47 77 1
40 31 1
43 30 2
40 76 5
25 73 2
57 32 3
24 30 3
47 8 2
58 49 1
38 5 1
42 64 1
61 51 2
24 65 1
11 76 4
29 30 1
56 19 1
77 7 2
13 64 2
91 16 1
52 27 1
75 64 2
49 32 4
48 50 2
3 10 1
60 23 2
41 19 3
7 28 3
89 11 3
88 71 1
61 27 1
93 28 1
5 18 2
99 56 939
23 102 1
37 208 15
29 155 3
34 253 20
26 827 25
48 857 1
15 13 9
33 794 8
29 303 10
16 468 10
40 742 9
28 419 25
25 59 20
43 559 5
14 563 10
37 27 11
23 120 9
30 660 25
25 721 12
40 313 4
25 607 21
29 364 13
32 8 3
23 291 1
50 365 5
27 908 1
35 517 13
51 183 4
36 98 11
11 732 3
45 849 3
17 903 5
39 133 1
12 331 10
44 127 4
24 533 4
41 542 11
42 758 7
28 180 5
3 752 1
10 153 3
34 226 1
10 777 9
20 148 1
38 224 1
9 314 3
39 695 2
24 740 1
50 583 3
24 457 1
4 763 1
8 793 5
42 9 6
45 894 6
7 85 3
38 861 2
14 860 1
12 187 5
11 266 5
47 595 4
8 440 3
33 895 2
16 512 2
9 283 7
52 674 1
51 43 4
12 539 8
24 759 11
47 906 1
18 91 8
39 485 14
45 341 3
7 847 1
6 372 2
2 886 1
14 204 7
9 865 3
29 773 1
48 323 7
10 906 2
10 159 1
42 718 4
43 590 1
21 881 1
31 924 1
33 775 2
10 703 8
36 878 11
44 454 10
11 77 1
53 535 2
52 190 2
36 932 2
12 139 6
7 453 6
24 222 1
9 803 3
6 494 3
51 297 2
98 70 412
38 316 24
54 198 13
13 379 9
14 172 11
42 91 25
45 154 16
30 34 8
58 245 11
33 229 9
30 205 11
31 13 11
19 134 1
47 393 4
9 273 3
31 130 7
64 371 2
41 363 8
19 61 5
58 220 3
59 18 7
30 185 3
45 383 2
57 177 5
21 277 6
52 288 6
34 53 2
35 241 3
36 185 1
14 125 2
11 12 9
14 36 3
41 124 2
50 43 10
20 345 9
15 245 6
17 404 1
57 129 4
19 146 5
11 253 1
53 351 6
48 267 9
35 399 9
18 221 1
7 119 5
10 402 1
45 281 2
19 392 4
10 293 7
27 239 1
8 61 4
16 28 4
65 328 1
18 254 2
60 165 1
20 232 3
59 402 2
9 218 6
44 132 5
63 379 6
63 269 1
3 182 2
10 141 3
13 151 1
8 48 6
52 228 2
26 62 2
33 175 1
43 20 1
31 382 3
13 202 4
6 245 2
20 116 8
6 204 1
41 58 1
38 48 1
49 123 3
20 48 3
16 104 2
28 360 3
20 38 2
59 122 3
50 9 3
7 106 1
39 276 1
11 357 1
35 261 5
38 125 1
3 307 1
14 98 3
6 232 5
8 26 3
45 178 3
64 408 1
64 132 3
68 228 1
63 300 2
57 368 3
32 66 1
2 85 12
67 7 4
17 5 1
90 38 363
18 183 14
14 97 11
26 64 2
23 342 6
26 246 1
32 298 3
13 287 8
27 22 7
13 53 1
19 223 18
19 77 6
22 128 6
34 206 3
24 356 4
29 168 2
15 139 4
19 315 18
36 248 1
30 139 4
12 37 10
11 257 8
29 60 2
32 116 5
26 42 2
34 345 1
26 76 1
29 82 3
29 275 7
27 259 5
13 156 6
8 297 2
27 73 2
4 348 3
30 150 2
20 69 1
34 147 1
31 154 2
8 202 3
18 357 1
6 78 4
19 145 3
3 28 2
33 44 2
17 20 2
5 122 3
5 148 3
14 351 5
28 36 2
30 251 2
16 119 1
31 126 3
8 340 3
18 51 4
19 7 6
10 62 5
30 197 1
15 201 2
27 55 3
33 182 1
34 353 3
36 92 1
21 57 1
21 246 2
36 337 1
34 191 1
3 278 2
34 177 1
12 118 2
36 306 1
33 331 2
12 132 1
34 73 2
27 95 1
30 107 1
6 194 1
4 208 3
27 89 4
11 272 5
29 291 2
31 285 1
25 49 1
22 142 1
21 168 1
7 138 3
17 276 1
36 66 1
5 14 4
2 200 1
14 334 1
23 148 1
