129
5 4 2
4 3 6
3 1 1
4 4 11
5 4 11
4 1 4
3 2 3
5 4 1
3 3 5
5 3 9
5 4 7
4 2 3
5 4 0
2 1 0
5 1 0
4 3 11
4 4 1
3 2 4
4 1 1
5 4 8
5 2 10
5 2 5
4 3 12
3 1 2
3 2 0
4 2 6
3 3 6
4 4 4
5 3 12
4 4 0
3 3 9
5 3 4
3 1 3
4 4 10
2 1 1
5 4 6
4 4 13
5 3 10
2 2 4
3 3 1
4 4 8
5 1 5
5 3 11
5 1 4
5 2 8
5 2 0
5 3 14
1 1 0
5 3 2
4 2 5
5 2 7
3 3 7
4 3 7
4 2 7
3 2 2
4 4 2
4 3 4
5 3 13
5 2 3
4 4 14
3 3 8
5 4 4
5 4 20
4 3 0
4 3 8
5 1 1
2 2 3
4 1 2
4 2 1
3 2 1
3 3 4
4 3 10
4 4 12
4 1 0
5 2 1
4 3 2
5 4 3
5 3 15
5 2 9
5 4 9
3 3 2
5 4 14
5 1 2
3 2 5
5 4 18
4 2 8
5 4 12
5 4 17
5 3 5
1 1 1
4 2 2
5 3 3
2 1 2
3 3 0
5 3 7
2 2 0
5 4 13
4 4 7
4 3 5
4 3 1
2 2 2
5 3 6
4 4 6
3 2 6
5 4 10
5 3 8
4 4 15
3 1 0
5 2 2
5 4 5
5 3 0
4 3 3
4 4 3
5 4 19
5 2 6
4 4 9
4 2 4
5 4 16
4 4 5
3 3 3
5 3 1
5 1 3
4 4 16
4 3 9
4 1 3
5 4 15
5 2 4
4 2 0
2 2 1
